2050 1988
515 313
519 2304
1544 2436
2220 2074
1367 1748
1549 1945
1040 1388
88 1982
1044 703
2069 1129
535 1340
2073 16
26 743
28 1668
1053 2405
1566 348
1056 1102
547 2413
1061 1780
2064 516
1064 234
1065 1697
1579 741
1212 1824
564 1655
2313 1321
1592 554
1593 2115
2106 2148
95 9
573 953
62 17
2111 202
1001 80
579 279
2120 779
2121 1121
1099 2210
1620 448
2169 2434
2136 399
2139 1415
378 1255
20 1450
607 1955
1552 1645
1123 2416
101 1977
1128 1711
1129 1604
618 1356
1132 829
1645 720
111 103
2161 2034
702 1664
118 1716
631 1131
632 453
633 2372
1147 2040
2172 2404
2174 1055
1665 591
1666 474
133 295
646 1513
649 790
2187 1291
1164 1007
2189 172
1678 2289
877 269
145 1108
2196 1819
149 81
150 1852
152 1146
623 1382
1181 2361
2417 4
1704 7
1193 1805
172 1917
1709 2215
687 1005
1712 41
689 2456
690 2325
381 349
184 1533
1211 2053
188 1606
1213 933
1726 858
193 352
2247 1844
1225 1398
202 96
205 1231
207 1637
1657 2366
2265 128
2267 191
221 1966
222 1420
549 529
739 1330
1764 2195
741 1405
1256 2187
2281 1575
1770 1797
1771 1278
1262 1292
1775 1472
2288 2383
1576 288
2290 1843
2089 2328
764 853
770 556
2308 189
1798 1687
1289 2270
1802 283
267 2387
780 105
435 156
2318 1534
271 1612
784 161
2327 327
1308 2114
1310 281
1157 557
1314 380
1827 2097
1316 595
1832 1703
1835 1297
2349 1566
815 1776
2353 1522
2354 1295
1587 2122
308 65
700 1619
311 1923
2360 2391
315 2244
1343 238
832 939
1345 1401
2027 412
139 634
2376 1967
2188 99
567 2275
2018 2146
334 318
1359 1815
1364 355
983 435
57 1789
864 240
1495 1254
363 68
1389 117
366 268
880 458
881 701
883 1918
2382 45
1909 1439
2422 1163
2025 986
1402 214
1916 109
2280 72
1919 336
384 2032
1344 885
2435 239
388 299
2441 1181
1930 631
1419 2239
661 1154
2449 1189
402 1460
323 1940
1428 1931
2453 997
921 1219
751 1768
1843 1787
1439 2252
1952 1729
419 1166
420 813
1447 218
937 533
1963 1521
430 1257
840 2027
946 1994
947 797
1461 274
1462 367
1097 347
441 410
1978 1633
444 373
445 71
450 1213
1478 1235
967 1848
1481 389
970 2084
460 660
1997 86
1487 1919
1488 1125
1490 944
1955 1938
469 2282
2007 2351
1497 2165
1501 324
482 2020
2019 1310
1508 1636
489 1262
1003 2323
1004 2324
1518 1752
1007 1277
1015 1630
504 1047
1176 1663
818 2039
2044 489
652 2272
