0 1325
2050 1988
2051 1104
5 1333
6 482
2055 2277
9 1499
10 1582
2391 750
12 1071
2061 1192
2062 311
2064 516
17 609
18 67
20 1450
2069 1129
2070 1779
24 1238
2073 16
26 743
2075 263
28 1668
29 173
31 175
32 1228
33 1218
2456 1481
2083 197
2084 2043
37 447
40 58
2089 2328
2090 2029
44 698
45 961
2095 2103
48 2065
2098 847
2099 726
2100 860
53 1539
2057 983
2104 1801
57 1789
2106 2148
59 1914
2108 1284
62 17
2111 202
2112 436
65 902
66 1653
2115 1877
70 162
71 977
2120 779
2121 1121
2122 713
75 1033
76 323
78 171
2127 1745
2129 1628
82 88
83 1649
84 1725
14 119
2134 1570
87 55
88 1982
356 305
2139 1415
2140 1452
2142 2108
95 9
96 2362
2145 951
99 791
101 1977
2150 136
2151 1345
2153 1989
107 936
2156 120
2157 1205
2158 1206
111 103
112 507
2161 2034
2162 2224
2163 878
116 1076
117 714
118 1716
2167 329
120 277
2169 2434
122 672
2171 1788
2172 2404
125 1907
2174 1055
2176 1283
129 1402
133 295
2182 454
2183 1187
136 1158
138 297
2187 1291
2188 99
2189 172
2190 1980
143 2141
145 1108
2194 1507
2195 2449
2196 1819
149 81
150 1852
152 1146
2202 1039
1391 1846
156 599
2206 339
159 1758
160 91
161 899
2210 1915
2211 1990
164 1000
2213 2243
2214 2400
2215 606
170 1233
172 1917
2221 430
174 1749
175 1774
176 699
177 871
178 2064
2228 142
181 553
184 1533
185 575
188 1606
189 1893
2238 755
191 2371
192 1503
193 352
194 1170
2243 1492
2244 922
197 1094
2247 1844
2248 1395
201 1753
202 96
2251 1543
205 1231
2254 881
207 1637
208 923
2257 1001
213 1100
2263 1357
2264 1821
2265 128
218 1853
2267 191
2268 711
221 1966
222 1420
2272 226
2274 2126
2277 1349
231 1811
2280 72
2281 1575
2282 1223
2284 985
2286 898
2429 1527
2288 2383
241 724
2290 1843
2291 2143
244 1464
2430 1548
246 719
248 1769
2297 388
250 768
2300 1559
253 1480
254 304
255 1070
2304 1390
2305 2166
258 1862
2307 1410
2308 189
261 2453
2311 1318
264 64
2313 1321
2314 1026
267 2387
268 272
269 25
2318 1534
271 1612
2321 2329
2322 855
2323 2214
2325 615
278 2285
2327 327
2396 2378
2329 616
2330 248
283 1266
285 2120
288 587
2338 566
2339 53
292 752
293 1897
2342 692
2344 1084
297 356
2346 1086
299 1466
2349 1566
2350 1473
2352 2248
2353 1522
2354 1295
2355 31
308 65
2357 22
310 1468
311 1923
2360 2391
2361 2011
314 1199
315 2244
316 1771
317 424
318 257
2369 2236
323 1940
326 1436
327 2439
2376 1967
2103 1453
2380 920
2381 1829
334 318
2383 2030
2384 1249
2385 597
2386 1976
340 1242
2389 1596
2105 1107
2392 2142
346 1385
2395 1239
348 1995
2397 1718
2398 2287
2399 1894
2400 1525
354 1952
2107 1034
2404 478
2405 1974
358 1414
2407 666
360 308
2410 2062
363 68
364 588
2414 1537
2417 4
370 278
371 2008
372 1418
2421 2355
2422 1163
2423 1542
2424 2260
2425 98
378 1255
2427 2060
380 1244
381 349
382 1260
384 2032
2433 122
2435 239
388 299
2113 1021
2441 1181
2443 650
2444 181
397 981
398 420
2447 1289
400 1906
2449 1189
402 1460
67 1830
2452 828
2453 997
2454 216
407 967
408 2002
410 1951
412 1831
413 1282
414 1474
416 635
417 771
419 1166
420 813
422 1855
423 247
427 668
429 419
430 1257
180 271
72 198
434 2231
435 156
436 1379
440 1531
441 410
442 991
443 1958
444 373
445 71
58 891
450 1213
451 1985
454 665
455 1421
459 712
460 660
461 751
465 2242
468 522
469 2282
470 2341
474 812
476 873
477 1316
481 325
482 2020
485 869
357 60
489 1262
1789 2160
498 1462
500 655
504 1047
2132 1629
506 1494
508 246
509 1212
513 493
514 1603
515 313
86 1652
518 947
519 2304
520 1641
522 1964
216 1818
526 1613
2136 399
530 2079
532 390
535 1340
537 839
542 747
544 1042
545 835
547 2413
548 2396
549 529
433 1587
552 2451
553 2265
555 502
556 1391
562 980
563 1871
564 1655
565 1627
566 1497
567 2275
568 836
570 2307
571 1493
573 953
575 1128
578 44
579 279
580 1302
581 1545
583 718
585 57
587 681
589 1634
590 243
591 1065
593 1690
594 209
598 1686
599 704
600 1091
601 524
602 2018
604 842
606 2381
607 1955
608 1957
609 182
613 758
614 2105
617 1970
618 1356
619 2223
621 1270
623 1382
627 1730
628 535
629 1756
630 82
631 1131
632 453
633 2372
634 1765
636 1380
637 1999
639 1078
640 95
641 2037
2155 1656
644 1387
646 1513
647 378
648 2279
649 790
652 2272
656 1600
658 1287
660 2430
661 1154
662 676
665 917
667 1448
669 1800
670 510
2160 2375
674 675
677 2310
113 1889
680 520
684 883
687 1005
689 2456
690 2325
115 611
692 196
694 427
696 901
697 1936
700 1619
702 1664
704 1965
707 1491
709 1586
710 2213
1825 721
712 292
713 733
1923 518
715 1281
718 818
2168 265
723 1901
724 2009
725 638
726 1495
730 1883
733 534
734 93
735 1046
736 605
738 1911
739 1330
740 954
741 1405
743 2334
745 495
747 618
748 686
749 2442
750 2116
751 1768
752 862
754 2448
366 268
759 2139
764 853
770 556
771 1198
772 1947
2119 1963
775 772
776 1124
780 105
1837 139
784 161
785 957
786 310
787 331
788 158
2072 1888
791 1056
794 2266
796 439
799 56
800 28
1840 1891
802 1082
803 1029
808 1088
809 14
810 1812
814 312
815 1776
818 2039
821 1311
824 1615
828 1477
829 106
830 1502
831 1845
832 939
834 2399
139 634
837 1072
838 2384
839 2429
840 2027
842 293
844 1374
845 1343
846 1130
369 444
848 1865
852 74
142 1133
854 613
855 820
856 778
857 1532
858 244
1850 2127
864 240
1615 1265
869 2435
871 581
875 1679
877 269
879 1638
880 458
881 701
883 1918
1513 1161
888 1933
891 472
894 1275
2197 2042
896 1424
898 809
2065 1226
903 740
906 2172
908 1677
912 1180
2200 2261
915 2131
2186 1875
2029 211
920 525
921 1219
154 1751
928 2113
931 2015
936 1455
937 533
939 1991
940 876
941 2438
942 369
943 46
944 877
1864 100
946 1994
947 797
948 2333
951 1609
954 2085
955 969
956 2327
957 1916
963 49
964 2229
966 1229
967 1848
968 2044
970 2084
971 298
162 1014
976 1227
977 200
978 2424
979 1512
980 1571
981 1342
983 435
985 1253
987 2045
989 69
990 426
165 1926
994 952
997 590
1000 875
1001 80
1002 2016
167 2168
1004 2324
2011 644
1007 1277
1009 307
1014 1961
1015 1630
1020 2157
2218 1665
1022 333
1024 164
1026 468
1027 1202
1028 999
2220 2074
34 822
1042 1755
1043 267
1044 703
1045 501
1046 1560
1048 2193
1049 1066
1052 715
1053 2405
1054 641
1056 1102
1057 1485
1058 1873
1059 1049
1740 1576
1061 1780
1063 1681
1064 234
1065 1697
1066 1259
1069 1784
1070 2151
1071 237
1073 2
1077 543
1079 550
1081 1194
1083 1293
1084 315
36 179
1091 1141
1093 2138
1094 1195
1097 347
1099 2210
1903 2036
1107 874
1108 87
1109 431
1110 2359
2233 1552
1115 2208
1116 1482
1117 1315
1118 1685
1120 364
1123 2416
1125 455
1126 483
2356 1577
1128 1711
1129 1604
1131 212
1132 829
1133 2245
1134 888
1135 255
1136 2145
1137 10
1139 2199
1897 626
1144 1622
1145 794
2239 13
1148 2090
1149 2414
1150 1268
2240 1868
1154 129
1155 1079
1157 557
1159 500
1164 1007
1165 1174
1167 1517
1168 531
195 784
1172 2129
1175 886
1176 1663
1177 1949
1179 990
1180 317
1181 2361
1182 2338
1183 1200
1184 2249
1185 2092
1189 332
1191 539
1193 1805
1195 1579
1204 108
1209 962
1211 2053
1212 1824
1213 933
1214 1139
1215 561
1219 2346
1220 1694
1221 133
1222 2221
1223 2164
1225 1398
2253 688
206 1792
1239 166
1242 1657
1243 1727
1244 1567
1246 1954
1248 2394
1249 903
2054 2098
1256 2187
1257 1273
1258 1746
1259 2417
1262 1292
1263 1816
1270 1778
1271 800
1272 1009
1275 2380
1277 1454
1237 759
1281 1783
1282 1505
1284 1796
1285 2374
1287 1425
1288 1422
1289 2270
215 377
1292 187
2027 412
895 1562
1297 178
1299 2352
1303 2119
1304 677
1308 2114
2266 1232
1310 281
1925 1921
1314 380
219 536
1316 595
1040 1388
2226 667
1320 350
220 6
1322 1743
1325 1052
1326 2130
1327 446
385 2153
1329 1902
1405 180
1334 1043
1336 127
1340 230
1341 571
1343 238
1344 885
1345 1401
1348 140
1351 1872
1352 1068
1353 1428
1355 941
226 193
1358 1320
1359 1815
1361 1794
2432 2041
1363 1314
1364 355
1366 1457
1367 1748
1368 2012
1370 1810
1372 2112
2123 1303
1376 2054
1381 1580
1382 1498
2319 782
1389 117
2092 1529
50 1798
1393 659
1394 469
1395 545
1397 2340
1398 155
233 97
1402 214
1403 1968
1404 723
234 1248
1407 61
1408 1326
1410 2395
1412 2446
1414 1842
236 2415
1418 2301
1419 2239
1422 76
2137 1962
1427 2070
1428 1931
1429 1699
1430 259
1431 1826
2287 2377
1436 1188
1437 1984
1438 2089
1439 2252
1441 602
1442 1682
1444 1030
1445 153
1446 1563
1447 218
1452 895
242 104
1455 1672
1456 627
1459 630
1461 274
1462 367
1466 1017
1467 710
1468 2296
1470 972
1474 2049
1476 491
1478 1235
1481 389
2436 1169
1483 2061
1485 897
1487 1919
1488 1125
1490 944
1491 2322
1494 2163
1495 1254
1497 2165
1499 1096
1501 324
1504 1080
1506 1256
1507 971
1508 1636
1510 2096
1512 1592
252 2247
1518 1752
1519 1119
1521 386
1522 1997
1524 728
2302 2388
1528 220
1529 757
351 396
1532 2313
1534 844
1535 1159
51 2316
1540 1864
1543 882
1544 2436
1546 577
1547 1077
1548 840
1549 1945
1552 1645
1556 275
1557 2007
1559 1726
1562 27
1563 1138
1566 348
1567 94
1568 1360
1569 1857
1575 1836
1576 288
1579 741
1582 1059
1583 927
1585 36
1587 2122
1588 642
1590 1712
1591 460
1592 554
1593 2115
1594 1459
1597 1772
1598 2240
1599 2077
1600 1240
1291 1002
1604 346
1605 359
2316 1190
1612 2099
1614 227
2317 2423
1616 600
2236 1162
1620 448
270 498
1624 334
1625 1941
1626 1773
1627 2293
1636 521
1639 2367
1640 2358
1642 301
2193 570
1645 720
1648 1122
2237 2088
123 1850
1657 2366
1659 461
1660 2412
1662 1177
277 1899
1664 2003
1665 591
1666 474
1667 766
1671 2218
1674 1854
279 2241
1676 1832
1678 2289
1679 781
124 722
1682 576
1147 2040
1684 1992
352 2403
1689 0
1690 2235
52 2326
282 2082
1696 1168
393 404
243 1241
1701 1806
1703 2059
1704 7
1706 1394
1707 572
1709 2215
1710 2071
1309 679
1712 41
1715 26
1719 2230
1721 2401
1723 1446
1726 858
1728 1950
1730 2107
1731 1294
1733 210
2225 1348
126 911
1742 409
973 1185
1745 925
1746 773
291 397
1752 1471
2340 1364
1758 792
1763 1350
1764 2195
1765 2188
1767 1839
2241 1300
1771 1278
1772 1616
344 2175
1775 1472
1776 2022
1777 2019
1781 342
1321 290
1784 2274
1786 1876
1787 647
298 1307
1790 1309
1791 1152
1792 2419
1795 2350
1796 1804
1798 1687
1799 1509
1802 283
1803 1913
1804 2297
1805 395
1806 861
1808 2192
2426 764
1818 2118
1819 39
1820 391
1821 987
1822 1731
1823 392
1824 2177
304 994
1827 2097
1828 5
1829 8
1831 795
1832 1703
1833 432
1835 1297
306 1369
1839 2393
1425 2254
1841 488
1842 1732
1843 1787
1846 2183
1849 421
266 1698
1851 2407
1853 1328
1854 863
309 1134
1675 1331
1860 362
2358 23
1862 89
1153 872
1866 1483
1867 1488
1868 415
1871 2276
1649 186
1878 1429
1882 30
1884 1766
199 134
1888 864
1894 2102
2364 413
1900 1650
1901 1705
1902 748
2365 1224
1904 2006
1905 90
1906 2179
1908 387
1909 1439
1910 1476
1914 1790
1916 109
1919 336
1921 114
1922 1036
1003 2323
1924 422
1686 824
1926 1688
1927 2207
1928 1692
1929 353
1930 631
1934 2212
1935 548
1936 950
1937 1715
1939 803
1940 1386
1941 1057
1942 289
1943 402
1944 1667
1946 559
1949 1827
1950 560
1952 1729
1955 1938
1956 1536
1957 1089
1959 321
1770 1797
1962 1971
1963 1521
1964 834
2081 473
1966 1393
1693 1110
1968 744
328 21
1970 909
1971 1642
1974 2237
1975 1020
1977 1646
1978 1633
13 1578
1982 1625
1983 1384
1985 1032
1987 1802
1989 223
1990 225
1992 856
332 1267
1996 1939
1997 86
1998 1105
333 973
2000 1814
2003 786
2004 143
2382 45
203 2196
2007 2351
2009 300
335 1707
2013 1019
2014 1838
2015 18
2017 1081
2018 2146
2019 1310
337 1673
2024 1861
2025 986
2026 1892
679 2013
2028 262
1362 653
2030 2035
2379 1782
2037 684
2038 2058
2250 2315
2042 2281
2043 1197
2044 489
2045 1103
2046 1186
