0 1325
2050 1988
2051 1104
5 1333
6 482
2055 2277
9 1499
10 1582
2391 750
2062 311
2064 516
20 1450
2069 1129
2073 16
26 743
2075 263
28 1668
29 173
31 175
32 1228
33 1218
34 822
2083 197
2089 2328
44 698
2095 2103
48 2065
2098 847
2099 726
53 1539
2057 983
57 1789
2106 2148
59 1914
2108 1284
62 17
2111 202
2120 779
2121 1121
2122 713
75 1033
76 323
2127 1745
2129 1628
82 88
83 1649
84 1725
14 119
2134 1570
2136 399
356 305
2139 1415
2140 1452
2142 2108
95 9
99 791
101 1977
2151 1345
107 936
2156 120
2157 1205
111 103
112 507
2161 2034
2162 2224
2163 878
118 1716
2169 2434
122 672
2171 1788
2172 2404
126 911
2176 1283
129 1402
133 295
2183 1187
138 297
2187 1291
2188 99
2189 172
2190 1980
143 2141
145 1108
2194 1507
2195 2449
2196 1819
149 81
150 1852
152 1146
2202 1039
159 1758
162 1014
164 1000
2213 2243
2214 2400
2215 606
170 1233
172 1917
2221 430
174 1749
176 699
177 871
178 2064
184 1533
188 1606
189 1893
191 2371
192 1503
193 352
194 1170
2243 1492
2244 922
197 1094
2247 1844
2248 1395
202 96
2251 1543
205 1231
2254 881
207 1637
208 923
2257 1001
213 1100
2264 1821
2265 128
218 1853
2267 191
2268 711
221 1966
222 1420
2274 2126
2280 72
2281 1575
2282 1223
2286 898
2429 1527
2288 2383
241 724
2290 1843
248 1769
2297 388
2300 1559
253 1480
254 304
255 1070
2305 2166
258 1862
2307 1410
2308 189
261 2453
2311 1318
2313 1321
267 2387
268 272
269 25
2318 1534
271 1612
2321 2329
2322 855
2323 2214
2325 615
278 2285
2327 327
2329 616
2330 248
2338 566
2339 53
292 752
293 1897
2344 1084
2346 1086
299 1466
2349 1566
2350 1473
2352 2248
2353 1522
2354 1295
2355 31
308 65
2357 22
310 1468
311 1923
2360 2391
2361 2011
314 1199
315 2244
317 424
318 257
323 1940
326 1436
2376 1967
2380 920
2381 1829
334 318
2383 2030
2385 597
340 1242
2105 1107
2392 2142
2395 1239
348 1995
2397 1718
2400 1525
2404 478
2405 1974
360 308
2410 2062
363 68
366 268
2417 4
371 2008
372 1418
2421 2355
2422 1163
378 1255
2427 2060
381 349
382 1260
384 2032
2433 122
2435 239
388 299
2441 1181
398 420
2447 1289
400 1906
2449 1189
402 1460
2453 997
407 967
413 1282
414 1474
416 635
417 771
419 1166
420 813
422 1855
423 247
427 668
430 1257
435 156
436 1379
440 1531
441 410
444 373
445 71
450 1213
451 1985
454 665
459 712
460 660
465 2242
468 522
469 2282
474 812
477 1316
482 2020
357 60
489 1262
504 1047
513 493
515 313
86 1652
519 2304
88 1982
530 2079
535 1340
537 839
542 747
547 2413
548 2396
549 529
555 502
556 1391
562 980
564 1655
566 1497
567 2275
571 1493
573 953
575 1128
578 44
579 279
587 681
593 1690
594 209
599 704
600 1091
607 1955
613 758
614 2105
617 1970
618 1356
623 1382
630 82
631 1131
632 453
633 2372
640 95
646 1513
648 2279
649 790
652 2272
656 1600
658 1287
661 1154
670 510
674 675
679 2013
687 1005
689 2456
690 2325
115 611
692 196
696 901
700 1619
702 1664
704 1965
709 1586
710 2213
1825 721
712 292
713 733
718 818
725 638
734 93
738 1911
739 1330
741 1405
743 2334
747 618
750 2116
751 1768
752 862
754 2448
2174 1055
759 2139
764 853
770 556
775 772
780 105
1837 139
784 161
796 439
803 1029
814 312
815 1776
818 2039
821 1311
824 1615
828 1477
829 106
832 939
139 634
838 2384
840 2027
844 1374
848 1865
855 820
856 778
857 1532
864 240
877 269
880 458
881 701
883 1918
1513 1161
888 1933
891 472
894 1275
2197 2042
896 1424
903 740
912 1180
2186 1875
921 1219
154 1751
931 2015
937 533
939 1991
941 2438
942 369
944 877
946 1994
947 797
951 1609
954 2085
955 969
956 2327
957 1916
964 2229
967 1848
970 2084
973 1185
977 200
979 1512
980 1571
983 435
985 1253
989 69
994 952
1000 875
1001 80
1003 2323
1004 2324
1007 1277
1015 1630
1020 2157
2218 1665
1026 468
2220 2074
1040 1388
1043 267
1044 703
1049 1066
1053 2405
1054 641
1056 1102
1059 1049
1061 1780
1063 1681
1064 234
1065 1697
1066 1259
1069 1784
1070 2151
1073 2
1079 550
1081 1194
1084 315
1091 1141
1094 1195
1097 347
1099 2210
1107 874
1109 431
1110 2359
1115 2208
1118 1685
1123 2416
2356 1577
1128 1711
1129 1604
1131 212
1132 829
1133 2245
1135 255
1139 2199
2239 13
1148 2090
1150 1268
1153 872
1154 129
1157 557
2241 1300
1164 1007
1165 1174
1168 531
1175 886
1176 1663
1181 2361
1183 1200
1184 2249
1189 332
1191 539
1193 1805
1195 1579
1211 2053
1212 1824
1213 933
1214 1139
1215 561
1219 2346
1220 1694
1221 133
1222 2221
1225 1398
206 1792
1239 166
1242 1657
1243 1727
1244 1567
1246 1954
1256 2187
1259 2417
1262 1292
1271 800
1272 1009
1275 2380
1237 759
1281 1783
1287 1425
1288 1422
1289 2270
1297 178
1299 2352
1308 2114
2266 1232
1310 281
1314 380
1316 595
2226 667
1320 350
1321 290
1327 446
385 2153
1334 1043
1336 127
1343 238
1344 885
1345 1401
1348 140
1351 1872
1353 1428
226 193
1358 1320
1359 1815
1363 1314
1364 355
1367 1748
2123 1303
1381 1580
1389 117
1391 1846
1394 469
1395 545
1397 2340
1398 155
233 97
1402 214
1404 723
1405 180
1407 61
1412 2446
1418 2301
1419 2239
1422 76
1427 2070
1428 1931
1429 1699
1430 259
2287 2377
1437 1984
1439 2252
1442 1682
1444 1030
1447 218
1452 895
242 104
1455 1672
1459 630
1461 274
1462 367
1470 972
1474 2049
1478 1235
1481 389
2436 1169
1487 1919
1488 1125
1490 944
1495 1254
1497 2165
1501 324
1504 1080
50 1798
1508 1636
1512 1592
252 2247
1518 1752
1519 1119
2225 1348
1522 1997
1524 728
1535 1159
1543 882
1544 2436
1549 1945
1552 1645
1563 1138
1566 348
1568 1360
1569 1857
1575 1836
1576 288
1579 741
1583 927
1587 2122
1588 642
1592 554
1593 2115
1598 2240
1599 2077
1600 1240
2316 1190
1615 1265
2236 1162
1620 448
270 498
1624 334
2319 782
1636 521
1640 2358
1642 301
1645 720
1657 2366
1662 1177
1664 2003
1665 591
1666 474
1667 766
1675 1331
1678 2289
1682 576
1147 2040
1686 824
1690 2235
282 2082
1696 1168
1704 7
1707 572
1709 2215
1710 2071
1309 679
1712 41
1723 1446
1726 858
1731 1294
1742 409
1745 925
58 891
1752 1471
1763 1350
1764 2195
1765 2188
1767 1839
1770 1797
1771 1278
1775 1472
1777 2019
1781 342
1784 2274
1789 2160
1792 2419
1795 2350
1798 1687
1802 283
1803 1913
1805 395
1808 2192
2426 764
1820 391
1824 2177
304 994
1827 2097
1828 5
1829 8
1832 1703
1835 1297
306 1369
1841 488
1842 1732
1843 1787
1846 2183
1849 421
1850 2127
1851 2407
1853 1328
1854 863
1860 362
1862 89
1867 1488
1878 1429
1897 626
1901 1705
1902 748
1903 2036
1905 90
1906 2179
1908 387
1909 1439
1916 109
1919 336
1921 114
1923 518
1924 422
1925 1921
1927 2207
1928 1692
1930 631
1936 950
1939 803
1941 1057
1943 402
1944 1667
1946 559
1949 1827
1950 560
1952 1729
1955 1938
1959 321
1962 1971
1963 1521
1966 1393
1693 1110
1970 909
1971 1642
1977 1646
1978 1633
1982 1625
1983 1384
1985 1032
1987 1802
1989 223
1990 225
1992 856
332 1267
1997 86
333 973
2000 1814
2004 143
2382 45
2007 2351
2015 18
2017 1081
2018 2146
2019 1310
337 1673
2025 986
2026 1892
2027 412
2030 2035
2037 684
2250 2315
2043 1197
2044 489
2045 1103
