2050 1988
2051 1104
9 1499
2064 516
20 1450
2069 1129
2073 16
26 743
2075 263
28 1668
29 173
32 1228
2083 197
2089 2328
44 698
2095 2103
2098 847
53 1539
57 1789
2106 2148
62 17
2111 202
2120 779
2121 1121
2122 713
2134 1570
2136 399
2139 1415
2140 1452
95 9
99 791
101 1977
107 936
2157 1205
111 103
2161 2034
2162 2224
2163 878
118 1716
2169 2434
2172 2404
2174 1055
129 1402
133 295
2183 1187
139 634
2188 99
2189 172
145 1108
2195 2449
2196 1819
149 81
150 1852
152 1146
154 1751
2213 2243
170 1233
2220 2074
2221 430
174 1749
184 1533
188 1606
189 1893
2239 13
192 1503
193 352
2247 1844
2248 1395
202 96
205 1231
206 1792
207 1637
213 1100
2265 128
218 1853
2267 191
221 1966
222 1420
2274 2126
2280 72
2281 1575
2288 2383
2290 1843
2297 388
2300 1559
254 304
255 1070
2305 2166
258 1862
2307 1410
2308 189
261 2453
2311 1318
2313 1321
267 2387
268 272
2318 1534
271 1612
2322 855
2323 2214
2325 615
278 2285
2327 327
2329 616
282 2082
2339 53
292 752
293 1897
299 1466
2349 1566
2350 1473
2352 2248
2353 1522
2354 1295
308 65
310 1468
311 1923
2360 2391
315 2244
317 424
318 257
323 1940
326 1436
2376 1967
2381 1829
334 318
739 1330
2105 1107
2395 1239
348 1995
2397 1718
2400 1525
2404 478
2405 1974
363 68
366 268
2417 4
371 2008
2422 1163
378 1255
2427 2060
381 349
382 1260
384 2032
2435 239
388 299
2441 1181
398 420
2447 1289
2449 1189
402 1460
2453 997
413 1282
414 1474
417 771
419 1166
420 813
422 1855
423 247
430 1257
435 156
441 410
444 373
445 71
450 1213
451 1985
454 665
459 712
460 660
469 2282
482 2020
357 60
489 1262
504 1047
513 493
515 313
519 2304
88 1982
530 2079
535 1340
542 747
547 2413
548 2396
549 529
555 502
556 1391
562 980
564 1655
567 2275
571 1493
573 953
575 1128
579 279
587 681
593 1690
599 704
607 1955
614 2105
617 1970
618 1356
623 1382
631 1131
632 453
633 2372
640 95
646 1513
649 790
652 2272
658 1287
661 1154
670 510
674 675
687 1005
689 2456
690 2325
696 901
700 1619
702 1664
709 1586
712 292
713 733
718 818
1147 2040
741 1405
750 2116
751 1768
754 2448
759 2139
764 853
770 556
775 772
780 105
784 161
814 312
815 1776
818 2039
824 1615
832 939
2187 1291
840 2027
848 1865
857 1532
864 240
877 269
880 458
881 701
883 1918
891 472
894 1275
896 1424
921 1219
2202 1039
931 2015
937 533
939 1991
941 2438
942 369
944 877
946 1994
947 797
957 1916
967 1848
970 2084
973 1185
977 200
979 1512
983 435
989 69
994 952
1000 875
1001 80
1003 2323
1004 2324
1007 1277
1015 1630
1026 468
172 1917
1040 1388
1043 267
1044 703
1049 1066
1053 2405
1054 641
1056 1102
1059 1049
1061 1780
1063 1681
1064 234
1065 1697
1066 1259
1070 2151
1073 2
1079 550
1084 315
1091 1141
1097 347
1099 2210
1115 2208
1123 2416
1128 1711
1129 1604
1131 212
1132 829
1135 255
1139 2199
191 2371
1153 872
1157 557
1164 1007
1175 886
1176 1663
1181 2361
1183 1200
1184 2249
1189 332
1191 539
1193 1805
1195 1579
1211 2053
1212 1824
1213 933
1215 561
1220 1694
1225 1398
2254 881
1239 166
1242 1657
1244 1567
1246 1954
1256 2187
1259 2417
1262 1292
1272 1009
1275 2380
1287 1425
1288 1422
1289 2270
1299 2352
1308 2114
2266 1232
1310 281
1314 380
1316 595
1321 290
1334 1043
1343 238
1344 885
1345 1401
1353 1428
1358 1320
1359 1815
1363 1314
1364 355
1367 1748
1381 1580
1389 117
1394 469
1395 545
1397 2340
1398 155
1402 214
1404 723
1407 61
1412 2446
1419 2239
1422 76
1428 1931
1429 1699
1439 2252
1442 1682
1444 1030
1447 218
1459 630
1461 274
1462 367
1478 1235
1481 389
1487 1919
1488 1125
1490 944
1495 1254
1497 2165
1501 324
50 1798
1508 1636
1513 1161
1518 1752
1519 1119
1543 882
1544 2436
1549 1945
1552 1645
1566 348
1569 1857
1576 288
1579 741
1583 927
1587 2122
1588 642
1592 554
1593 2115
1598 2240
1600 1240
1615 1265
1620 448
1624 334
1636 521
1645 720
1657 2366
1662 1177
1664 2003
1665 591
1666 474
1678 2289
1682 576
1686 824
1693 1110
1696 1168
1704 7
1709 2215
1710 2071
1712 41
1726 858
1763 1350
1764 2195
1767 1839
1770 1797
1771 1278
1775 1472
1781 342
1789 2160
1792 2419
1795 2350
1798 1687
1802 283
1803 1913
1805 395
1808 2192
2426 764
1820 391
1825 721
1827 2097
1829 8
1832 1703
1835 1297
1837 139
1841 488
1842 1732
1843 1787
1850 2127
1853 1328
1862 89
1901 1705
1902 748
1903 2036
1908 387
1909 1439
1916 109
1919 336
1927 2207
1930 631
1936 950
1946 559
1952 1729
1955 1938
1959 321
1963 1521
1966 1393
1970 909
1971 1642
1978 1633
1982 1625
1983 1384
1989 223
1992 856
1997 86
333 973
2000 1814
2382 45
2007 2351
2015 18
2018 2146
2019 1310
2025 986
2026 1892
2027 412
2030 2035
2250 2315
2043 1197
2044 489
2045 1103
