0 1325
1 146
2 1196
3 494
4 160
5 1333
6 482
7 1204
8 1208
9 1499
10 1582
11 37
12 1071
13 1578
14 119
15 467
16 1006
17 609
18 67
19 250
20 1450
21 604
22 1011
23 683
24 1238
25 685
26 743
27 1591
28 1668
29 173
30 810
31 175
32 1228
33 1218
34 822
35 614
36 179
37 447
38 184
39 763
40 58
41 449
42 960
43 2445
44 698
45 961
46 2101
47 1389
48 2065
49 213
50 1798
51 2316
52 2326
53 1539
54 907
55 1770
56 2390
57 1789
58 891
59 1914
60 1760
61 2017
62 17
63 428
64 2024
65 902
66 1653
67 1830
68 1092
69 42
70 162
71 977
72 198
73 1647
74 169
75 1033
76 323
77 1353
78 171
79 802
80 1116
81 1012
82 88
83 1649
84 1725
85 995
86 1652
87 55
88 1982
89 2373
90 59
91 1040
92 1849
93 682
94 1106
95 9
96 2362
97 1063
98 769
99 791
100 1588
101 1977
102 2081
103 526
104 463
105 273
106 1099
107 936
108 1451
109 260
110 1885
111 103
112 507
113 1889
114 1336
115 611
116 1076
117 714
118 1716
119 374
120 277
121 1143
122 672
123 1850
124 722
125 1907
126 911
127 2271
128 1912
129 1402
130 1910
131 1153
132 868
133 295
134 540
135 470
136 1158
137 1610
138 297
139 634
140 2000
141 2425
142 1133
143 2141
144 1880
145 1108
146 1368
147 2048
148 1828
149 81
150 1852
151 50
152 1146
153 775
154 1751
155 1381
156 599
157 760
158 1155
159 1758
160 91
161 899
162 1014
163 1904
164 1000
165 1926
166 958
167 2168
168 584
169 1182
170 1233
171 739
172 1917
173 1523
174 1749
175 1774
176 699
177 871
178 2064
179 503
180 271
181 553
182 696
183 34
184 1533
185 575
186 694
187 1887
188 1606
189 1893
190 2309
191 2371
192 1503
193 352
194 1170
195 784
196 1551
197 1094
198 144
199 134
200 1377
201 1753
202 96
203 2196
204 1427
205 1231
206 1792
207 1637
208 923
209 1236
210 1795
211 1597
212 351
213 1100
214 1433
215 377
216 1818
217 948
218 1853
219 536
220 6
221 1966
222 1420
223 555
224 1823
225 1048
226 193
227 732
228 1706
229 1024
230 1027
231 1811
232 1486
233 97
234 1248
235 1445
236 2415
237 1411
238 2232
239 2336
240 896
241 724
242 104
243 1241
244 1464
245 241
246 719
247 1251
248 1769
249 993
250 768
251 2353
252 2247
253 1480
254 304
255 1070
256 857
257 807
258 1862
259 725
260 1329
261 2453
262 1878
263 735
264 64
265 363
266 1698
267 2387
268 272
269 25
270 498
271 1612
272 1761
273 867
274 1028
275 1713
276 1881
277 1899
278 2285
279 2241
280 1274
281 1151
282 2082
283 1266
284 2291
285 2120
286 2418
287 1661
288 587
289 1520
290 1738
291 397
292 752
293 1897
294 1734
295 1332
296 1820
297 356
298 1307
299 1466
300 280
301 264
302 466
303 199
304 994
305 2443
306 1369
307 2067
308 65
309 1134
310 1468
311 1923
312 1882
313 219
314 1199
315 2244
316 1771
317 424
318 257
319 3
320 1210
321 1557
322 2133
323 1940
324 1530
325 2134
326 1436
327 2439
328 21
329 475
330 1847
331 2306
332 1267
333 973
334 318
335 1707
336 1937
337 1673
338 1207
339 1860
340 1242
341 231
342 2364
343 1403
344 2175
345 935
346 1385
347 1975
348 1995
349 2308
350 382
351 396
352 2403
353 1890
354 1952
355 2093
356 305
357 60
358 1414
359 924
360 308
361 437
362 113
363 68
364 588
365 1750
366 268
367 485
368 1993
369 444
370 278
371 2008
372 1418
373 1611
374 1869
375 499
376 383
377 583
378 1255
379 1998
380 1244
381 349
382 1260
383 612
384 2032
385 2153
386 1408
387 361
388 299
389 1118
390 2209
391 628
392 1250
393 404
394 1051
395 1813
396 1437
397 981
398 420
399 372
400 1906
401 541
402 1460
403 976
404 808
405 2051
406 811
407 967
408 2002
409 646
410 1951
411 251
412 1831
413 1282
414 1474
415 508
416 635
417 771
418 1423
419 1166
420 813
421 552
422 1855
423 247
424 753
425 1361
426 1594
427 668
428 358
429 419
430 1257
431 1501
432 549
433 1587
434 2231
435 156
436 1379
437 102
438 603
439 965
440 1531
441 410
442 991
443 1958
444 373
445 71
446 2251
447 708
448 1211
449 1719
450 1213
451 1985
452 589
453 2136
454 665
455 1421
456 2339
457 504
458 177
459 712
460 660
461 751
462 183
463 1717
464 1156
465 2242
466 707
467 2365
468 522
469 2282
470 2341
471 1558
472 905
473 2426
474 812
475 1286
476 873
477 1316
478 2185
479 1908
480 1261
481 325
482 2020
483 1572
484 328
485 869
486 479
487 921
488 1067
489 1262
490 2197
491 1087
492 640
493 2152
494 1093
495 1903
496 1589
497 1791
498 1462
499 185
500 655
501 1044
502 2421
503 1150
504 1047
505 568
506 1494
507 2408
508 246
509 1212
510 1817
511 1045
512 2216
513 493
514 1603
515 313
516 1598
517 131
518 947
519 2304
520 1641
521 2431
522 1964
523 1376
524 1924
525 1145
526 1613
527 1312
528 940
529 1614
530 2079
531 2317
532 390
533 817
534 1465
535 1340
536 700
537 839
538 823
539 737
540 546
541 830
542 747
543 959
544 1042
545 835
546 2056
547 2413
548 2396
549 529
550 2422
551 2457
552 2451
553 2265
554 633
555 502
556 1391
557 1490
558 1866
559 1870
560 2262
561 1117
562 980
563 1871
564 1655
565 1627
566 1497
567 2275
568 836
569 1178
570 2307
571 1493
572 1479
573 953
574 910
575 1128
576 569
577 1724
578 44
579 279
580 1302
581 1545
582 2302
583 718
584 799
585 57
586 2318
587 681
588 1214
589 1634
590 243
591 1065
592 176
593 1690
594 209
595 1458
596 1031
597 2455
598 1686
599 704
600 1091
601 524
602 2018
603 1554
604 842
605 1041
606 2381
607 1955
608 1957
609 182
610 1714
611 1553
612 2091
613 758
614 2105
615 2337
616 2220
617 1970
618 1356
619 2223
620 706
621 1270
622 1054
623 1382
624 2345
625 1126
626 982
627 1730
628 535
629 1756
630 82
631 1131
632 453
633 2372
634 1765
635 838
636 1380
637 1999
638 462
639 1078
640 95
641 2037
642 384
643 115
644 1387
645 671
646 1513
647 378
648 2279
649 790
650 889
651 956
652 2272
653 964
654 151
655 2038
656 1600
657 1114
658 1287
659 968
660 2430
661 1154
662 676
663 63
664 787
665 917
666 1487
667 1448
668 793
669 1800
670 510
671 636
672 804
673 137
674 675
675 573
676 2004
677 2310
678 107
679 2013
680 520
681 1666
682 880
683 1456
684 883
685 2444
686 1327
687 1005
688 2198
689 2456
690 2325
691 152
692 196
693 11
694 427
695 338
696 901
697 1936
698 138
699 2305
700 1619
701 2076
702 1664
703 1895
704 1965
705 2052
706 33
707 1491
708 452
709 1586
710 2213
711 918
712 292
713 733
714 2226
715 1281
716 1617
717 1710
718 818
719 1338
720 1443
721 931
722 2123
723 1901
724 2009
725 638
726 1495
727 593
728 75
729 1684
730 1883
731 929
732 366
733 534
734 93
735 1046
736 605
737 1898
738 1911
739 1330
740 954
741 1405
742 145
743 2334
744 1695
745 495
746 1090
747 618
748 686
749 2442
750 2116
751 1768
752 862
753 2171
754 2448
755 276
756 992
757 537
758 629
759 2139
760 1023
761 1430
762 970
763 1431
764 853
765 912
766 130
767 2376
768 2432
769 2286
770 556
771 1198
772 1947
773 767
774 1978
775 772
776 1124
777 141
778 1851
779 564
780 105
781 2189
782 147
783 2267
784 161
785 957
786 310
787 331
788 158
789 157
790 966
791 1056
792 168
793 2170
794 2266
795 1018
796 439
797 2253
798 2320
799 56
800 28
801 852
802 1082
803 1029
804 1285
805 1720
806 979
807 1164
808 1088
809 14
810 1812
811 1337
812 1060
813 190
814 312
815 1776
816 906
817 709
818 2039
819 1004
820 1742
821 1311
822 1053
823 2047
824 1615
825 376
826 1191
827 1693
828 1477
829 106
830 1502
831 1845
832 939
833 656
834 2399
835 1209
836 486
837 1072
838 2384
839 2429
840 2027
841 1298
842 293
843 403
844 1374
845 1343
846 1130
847 2031
848 1865
849 2330
850 1137
851 2080
852 74
853 2321
854 613
855 820
856 778
857 1532
858 244
859 1515
860 1608
861 150
862 2086
863 2356
864 240
865 1367
866 1744
867 1216
868 1605
869 2435
870 1101
871 581
872 567
873 610
874 258
875 1679
876 118
877 269
878 1920
879 1638
880 458
881 701
882 29
883 1918
884 2135
885 1928
886 1859
887 1264
888 1933
889 40
890 1754
891 472
892 490
893 286
894 1275
895 1562
896 1424
897 978
898 809
899 1942
900 607
901 477
902 465
903 740
904 497
905 1173
906 2172
907 2174
908 1677
909 2001
910 1583
911 1886
912 1180
913 1313
914 1549
915 2131
916 2331
917 481
918 345
919 195
920 525
921 1219
922 745
923 530
924 2450
925 2154
926 945
927 517
928 2113
929 287
930 1764
931 2015
932 1909
933 371
934 1809
935 1803
936 1455
937 533
938 2402
939 1991
940 876
941 2438
942 369
943 46
944 877
945 1593
946 1994
947 797
948 2333
949 523
950 236
951 1609
952 1884
953 1299
954 2085
955 969
956 2327
957 1916
958 2025
959 1670
960 1112
961 253
962 2257
963 49
964 2229
965 1691
966 1229
967 1848
968 2044
969 1083
970 2084
971 298
972 621
973 1185
974 580
975 623
976 1227
977 200
978 2424
979 1512
980 1571
981 1342
982 2389
983 435
984 2227
985 1253
986 385
987 2045
988 445
989 69
990 426
991 192
992 601
993 341
994 952
995 456
996 337
997 590
998 73
999 662
1000 875
1001 80
1002 2016
1003 2323
1004 2324
1005 1317
1006 1203
1007 1277
1008 1123
1009 307
1010 1979
1011 235
1012 689
1013 1834
1014 1961
1015 1630
1016 687
1017 670
1018 1296
1019 1324
1020 2157
1021 2104
1022 333
1023 974
1024 164
1025 1201
1026 468
1027 1202
1028 999
1029 52
1030 1651
1031 92
1032 717
1033 1504
1034 849
1035 1602
1036 1500
1037 2117
1038 930
1039 2072
1040 1388
1041 1246
1042 1755
1043 267
1044 703
1045 501
1046 1560
1047 2066
1048 2193
1049 1066
1050 1269
1051 652
1052 715
1053 2405
1054 641
1055 946
1056 1102
1057 1485
1058 1873
1059 1049
1060 2176
1061 1780
1062 1807
1063 1681
1064 234
1065 1697
1066 1259
1067 988
1068 2150
1069 1784
1070 2151
1071 237
1072 1375
1073 2
1074 201
1075 302
1076 1793
1077 543
1078 1555
1079 550
1080 1392
1081 1194
1082 1781
1083 1293
1084 315
1085 207
1086 1785
1087 1438
1088 1763
1089 1243
1090 678
1091 1141
1092 2370
1093 2138
1094 1195
1095 547
1096 2258
1097 347
1098 848
1099 2210
1100 242
1101 833
1102 890
1103 1538
1104 425
1105 619
1106 582
1107 874
1108 87
1109 431
1110 2359
1111 1777
1112 1335
1113 1929
1114 1524
1115 2208
1116 1482
1117 1315
1118 1685
1119 2283
1120 364
1121 480
1122 1599
1123 2416
1124 837
1125 455
1126 483
1127 806
1128 1711
1129 1604
1130 1449
1131 212
1132 829
1133 2245
1134 888
1135 255
1136 2145
1137 10
1138 159
1139 2199
1140 2311
1141 827
1142 1518
1143 643
1144 1622
1145 794
1146 1623
1147 2040
1148 2090
1149 2414
1150 1268
1151 1075
1152 1416
1153 872
1154 129
1155 1079
1156 407
1157 557
1158 1013
1159 500
1160 360
1161 2437
1162 1759
1163 1640
1164 1007
1165 1174
1166 770
1167 1517
1168 531
1169 1547
1170 1351
1171 1097
1172 2129
1173 594
1174 690
1175 886
1176 1663
1177 1949
1178 429
1179 990
1180 317
1181 2361
1182 2338
1183 1200
1184 2249
1185 2092
1186 2392
1187 691
1188 1678
1189 332
1190 697
1191 539
1192 1514
1193 1805
1194 879
1195 1579
1196 1762
1197 2075
1198 2319
1199 783
1200 2250
1201 2173
1202 1396
1203 296
1204 108
1205 487
1206 1983
1207 1276
1208 1220
1209 962
1210 1432
1211 2053
1212 1824
1213 933
1214 1139
1215 561
1216 24
1217 433
1218 221
1219 2346
1220 1694
1221 133
1222 2221
1223 2164
1224 1217
1225 1398
1226 1400
1227 70
1228 742
1229 2201
1230 2406
1231 1288
1232 1058
1233 165
1234 1581
1235 754
1236 915
1237 759
1238 854
1239 166
1240 1624
1241 203
1242 1657
1243 1727
1244 1567
1245 2055
1246 1954
1247 1595
1248 2394
1249 903
1250 932
1251 1175
1252 1733
1253 608
1254 1319
1255 1184
1256 2187
1257 1273
1258 1746
1259 2417
1260 1674
1261 2284
1262 1292
1263 1816
1264 963
1265 519
1266 2347
1267 204
1268 1618
1269 416
1270 1778
1271 800
1272 1009
1273 1016
1274 1132
1275 2380
1276 674
1277 1454
1278 538
1279 1528
1280 1365
1281 1783
1282 1505
1283 1463
1284 1796
1285 2374
1286 442
1287 1425
1288 1422
1289 2270
1290 252
1291 1002
1292 187
1293 54
1294 2109
1295 989
1296 438
1297 178
1298 1927
1299 2352
1300 2295
1301 2110
1302 846
1303 2119
1304 677
1305 245
1306 578
1307 851
1308 2114
1309 679
1310 281
1311 654
1312 1407
1313 256
1314 380
1315 1737
1316 595
1317 1953
1318 43
1319 1561
1320 350
1321 290
1322 1743
1323 291
1324 2204
1325 1052
1326 2130
1327 446
1328 2069
1329 1902
1330 705
1331 38
1332 1747
1333 2005
1334 1043
1335 123
1336 127
1337 814
1338 884
1339 624
1340 230
1341 571
1342 1900
1343 238
1344 885
1345 1401
1346 1272
1347 2169
1348 140
1349 51
1350 443
1351 1872
1352 1068
1353 1428
1354 2194
1355 941
1356 1372
1357 1735
1358 1320
1359 1815
1360 205
1361 1794
1362 653
1363 1314
1364 355
1365 394
1366 1457
1367 1748
1368 2012
1369 1444
1370 1810
1371 2343
1372 2112
1373 926
1374 1896
1375 2181
1376 2054
1377 1930
1378 2010
1379 282
1380 574
1381 1580
1382 1498
1383 843
1384 35
1385 2222
1386 208
1387 1867
1388 2409
1389 117
1390 796
1391 1846
1392 400
1393 659
1394 469
1395 545
1396 693
1397 2340
1398 155
1399 585
1400 1959
1401 2026
1402 214
1403 1968
1404 723
1405 180
1406 2219
1407 61
1408 1326
1409 1620
1410 2395
1411 417
1412 2446
1413 335
1414 1842
1415 316
1416 2125
1417 716
1418 2301
1419 2239
1420 859
1421 78
1422 76
1423 322
1424 1008
1425 2254
1426 254
1427 2070
1428 1931
1429 1699
1430 259
1431 1826
1432 261
1433 1074
1434 170
1435 865
1436 1188
1437 1984
1438 2089
1439 2252
1440 505
1441 602
1442 1682
1443 1837
1444 1030
1445 153
1446 1563
1447 218
1448 870
1449 2264
1450 1569
1451 2256
1452 895
1453 340
1454 48
1455 1672
1456 627
1457 2162
1458 126
1459 630
1460 484
1461 274
1462 367
1463 1680
1464 459
1465 942
1466 1017
1467 710
1468 2296
1469 112
1470 972
1471 2028
1472 1397
1473 1728
1474 2049
1475 1258
1476 491
1477 798
1478 1235
1479 124
1480 1222
1481 389
1482 2433
1483 2061
1484 2068
1485 897
1486 66
1487 1919
1488 1125
1489 1969
1490 944
1491 2322
1492 496
1493 314
1494 2163
1495 1254
1496 1399
1497 2165
1498 1932
1499 1096
1500 1644
1501 324
1502 2158
1503 2348
1504 1080
1505 832
1506 1256
1507 971
1508 1636
1509 509
1510 2096
1511 515
1512 1592
1513 1161
1514 955
1515 2354
1516 2106
1517 294
1518 1752
1519 1119
1520 2369
1521 386
1522 1997
1523 1271
1524 728
1525 2200
1526 2379
1527 1
1528 220
1529 757
1530 2100
1531 1659
1532 2313
1533 2205
1534 844
1535 1159
1536 729
1537 1981
1538 188
1539 1247
1540 1864
1541 2217
1542 1144
1543 882
1544 2436
1545 2314
1546 577
1547 1077
1548 840
1549 1945
1550 233
1551 544
1552 1645
1553 306
1554 579
1555 558
1556 275
1557 2007
1558 1062
1559 1726
1560 411
1561 1221
1562 27
1563 1138
1564 1363
1565 2140
1566 348
1567 94
1568 1360
1569 1857
1570 1721
1571 1371
1572 1037
1573 649
1574 1574
1575 1836
1576 288
1577 949
1578 47
1579 741
1580 2144
1581 1323
1582 1059
1583 927
1584 1631
1585 36
1586 1863
1587 2122
1588 642
1589 506
1590 1712
1591 460
1592 554
1593 2115
1594 1459
1595 464
1596 2447
1597 1772
1598 2240
1599 2077
1600 1240
1601 825
1602 2246
1603 1135
1604 346
1605 359
1606 111
1607 916
1608 598
1609 270
1610 663
1611 1469
1612 2099
1613 1073
1614 227
1615 1265
1616 600
1617 1648
1618 1960
1619 370
1620 448
1621 887
1622 1856
1623 418
1624 334
1625 1941
1626 1773
1627 2293
1628 1279
1629 121
1630 1470
1631 2259
1632 330
1633 1987
1634 1038
1635 514
1636 521
1637 1841
1638 1475
1639 2367
1640 2358
1641 217
1642 301
1643 1799
1644 2278
1645 720
1646 2147
1647 2161
1648 1122
1649 186
1650 1061
1651 451
1652 2121
1653 1193
1654 2057
1655 2124
1656 2073
1657 2366
1658 2397
1659 461
1660 2412
1661 2303
1662 1177
1663 2178
1664 2003
1665 591
1666 474
1667 766
1668 2014
1669 1322
1670 2427
1671 2218
1672 2349
1673 727
1674 1854
1675 1331
1676 1832
1677 1344
1678 2289
1679 781
1680 1358
1681 1359
1682 576
1683 845
1684 1992
1685 1098
1686 824
1687 354
1688 2167
1689 0
1690 2235
1691 1015
1692 309
1693 1110
1694 1362
1695 1383
1696 1168
1697 532
1698 492
1699 1660
1700 801
1701 1806
1702 513
1703 2059
1704 7
1705 841
1706 1394
1707 572
1708 19
1709 2215
1710 2071
1711 1925
1712 41
1713 736
1714 1956
1715 26
1716 937
1717 224
1718 673
1719 2230
1720 805
1721 2401
1722 1568
1723 1446
1724 408
1725 1700
1726 858
1727 1280
1728 1950
1729 542
1730 2107
1731 1294
1732 2190
1733 210
1734 1413
1735 586
1736 1511
1737 365
1738 1467
1739 512
1740 1576
1741 1565
1742 409
1743 617
1744 1434
1745 925
1746 773
1747 511
1748 2452
1749 2233
1750 1948
1751 368
1752 1471
1753 2228
1754 116
1755 20
1756 850
1757 1683
1758 792
1759 761
1760 1701
1761 1441
1762 1741
1763 1350
1764 2195
1765 2188
1766 1662
1767 1839
1768 1601
1769 1669
1770 1797
1771 1278
1772 1616
1773 1111
1774 343
1775 1472
1776 2022
1777 2019
1778 1496
1779 1263
1780 266
1781 342
1782 2411
1783 2360
1784 2274
1785 1526
1786 1876
1787 647
1788 1308
1789 2160
1790 1309
1791 1152
1792 2419
1793 401
1794 1245
1795 2350
1796 1804
1797 651
1798 1687
1799 1509
1800 1435
1801 1944
1802 283
1803 1913
1804 2297
1805 395
1806 861
1807 1447
1808 2192
1809 2078
1810 79
1811 777
1812 648
1813 1874
1814 2083
1815 527
1816 984
1817 1722
1818 2118
1819 39
1820 391
1821 987
1822 1731
1823 392
1824 2177
1825 721
1826 2050
1827 2097
1828 5
1829 8
1830 731
1831 795
1832 1703
1833 432
1834 405
1835 1297
1836 551
1837 139
1838 1740
1839 2393
1840 1891
1841 488
1842 1732
1843 1787
1844 2021
1845 1179
1846 2183
1847 2344
1848 1767
1849 421
1850 2127
1851 2407
1852 2225
1853 1328
1854 863
1855 12
1856 167
1857 919
1858 1341
1859 1590
1860 362
1861 2290
1862 89
1863 669
1864 100
1865 2156
1866 1483
1867 1488
1868 415
1869 77
1870 2203
1871 2276
1872 1508
1873 2268
1874 788
1875 762
1876 826
1877 1757
1878 1429
1879 1808
1880 1165
1881 2132
1882 30
1883 2312
1884 1766
1885 2292
1886 1658
1887 893
1888 864
1889 1085
1890 2298
1891 381
1892 1635
1893 135
1894 2102
1895 1632
1896 232
1897 626
1898 2191
1899 2087
1900 1650
1901 1705
1902 748
1903 2036
1904 2006
1905 90
1906 2179
1907 1412
1908 387
1909 1439
1910 1476
1911 934
1912 249
1913 831
1914 1790
1915 1585
1916 109
1917 913
1918 1426
1919 336
1920 1025
1921 114
1922 1036
1923 518
1924 422
1925 1921
1926 1688
1927 2207
1928 1692
1929 353
1930 631
1931 303
1932 1519
1933 1010
1934 2212
1935 548
1936 950
1937 1715
1938 900
1939 803
1940 1386
1941 1057
1942 289
1943 402
1944 1667
1945 1702
1946 559
1947 154
1948 1069
1949 1827
1950 560
1951 563
1952 1729
1953 1934
1954 1535
1955 1938
1956 1536
1957 1089
1958 894
1959 321
1960 1095
1961 1546
1962 1971
1963 1521
1964 834
1965 943
1966 1393
1967 84
1968 744
1969 908
1970 909
1971 1642
1972 1510
1973 1113
1974 2237
1975 1020
1976 1022
1977 1646
1978 1633
1979 776
1980 1334
1981 2382
1982 1625
1983 1384
1984 2155
1985 1032
1986 1484
1987 1802
1988 2335
1989 223
1990 225
1991 434
1992 856
1993 1786
1994 375
1995 637
1996 1939
1997 86
1998 1105
1999 1996
2000 1814
2001 441
2002 285
2003 786
2004 143
2005 1736
2006 2300
2007 2351
2008 1406
2009 300
2010 1943
2011 644
2012 1833
2013 1019
2014 1838
2015 18
2016 1540
2017 1081
2018 2146
2019 1310
2020 1696
2021 1550
2022 2420
2023 2202
2024 1861
2025 986
2026 1892
2027 412
2028 262
2029 211
2030 2035
2031 1404
2032 1234
2033 423
2034 1626
2035 1115
2036 148
2037 684
2038 2058
2039 2294
2040 1986
2041 1922
2042 2281
2043 1197
2044 489
2045 1103
2046 1186
2047 1461
2048 1109
2049 2255
2050 1988
2051 1104
2052 229
2053 938
2054 2098
2055 2277
2056 998
2057 983
2058 2137
2059 1419
2060 2023
2061 1192
2062 311
2063 738
2064 516
2065 1226
2066 1172
2067 2184
2068 746
2069 1129
2070 1779
2071 357
2072 1888
2073 16
2074 174
2075 263
2076 2386
2077 1064
2078 471
2079 319
2080 1301
2081 473
2082 457
2083 197
2084 2043
2085 1352
2086 774
2087 284
2088 2273
2089 2328
2090 2029
2091 622
2092 1529
2093 1120
2094 1252
2095 2103
2096 1167
2097 206
2098 847
2099 726
2100 860
2101 1140
2102 1176
2103 1453
2104 1801
2105 1107
2106 2148
2107 1034
2108 1284
2109 1378
2110 1339
2111 202
2112 436
2113 1021
2114 785
2115 1877
2116 83
2117 1136
2118 2211
2119 1963
2120 779
2121 1121
2122 713
2123 1303
2124 1160
2125 110
2126 2206
2127 1745
2128 821
2129 1628
2130 1972
2131 215
2132 1629
2133 1775
2134 1570
2135 1370
2136 399
2137 1962
2138 1050
2139 1415
2140 1452
2141 1879
2142 2108
2143 125
2144 1739
2145 951
2146 1822
2147 2128
2148 1147
2149 1708
2150 136
2151 1345
2152 1676
2153 1989
2154 1305
2155 1656
2156 120
2157 1205
2158 1206
2159 163
2160 2375
2161 2034
2162 2224
2163 878
2164 702
2165 1225
2166 996
2167 329
2168 265
2169 2434
2170 1440
2171 1788
2172 2404
2173 393
2174 1055
2175 765
2176 1283
2177 2385
2178 2441
2179 2410
2180 2159
2181 2046
2182 454
2183 1187
2184 2180
2185 596
2186 1875
2187 1291
2188 99
2189 172
2190 1980
2191 1573
2192 1639
2193 570
2194 1507
2195 2449
2196 1819
2197 2042
2198 2269
2199 1689
2200 2261
2201 695
2202 1039
2203 1417
2204 2263
2205 625
2206 339
2207 414
2208 1290
2209 194
2210 1915
2211 1990
2212 1304
2213 2243
2214 2400
2215 606
2216 1607
2217 1409
2218 1665
2219 2398
2220 2074
2221 430
2222 1946
2223 528
2224 320
2225 1348
2226 667
2227 657
2228 142
2229 658
2230 1973
2231 1035
2232 661
2233 1552
2234 2299
2235 228
2236 1162
2237 2088
2238 755
2239 13
2240 1868
2241 1300
2242 149
2243 1492
2244 922
2245 975
2246 2095
2247 1844
2248 1395
2249 222
2250 2315
2251 1543
2252 398
2253 688
2254 881
2255 816
2256 1541
2257 1001
2258 1183
2259 892
2260 639
2261 1354
2262 1355
2263 1357
2264 1821
2265 128
2266 1232
2267 191
2268 711
2269 620
2270 1825
2271 2440
2272 226
2273 592
2274 2126
2275 62
2276 819
2277 1349
2278 2094
2279 730
2280 72
2281 1575
2282 1223
2283 632
2284 985
2285 1835
2286 898
2287 2377
2288 2383
2289 1366
2290 1843
2291 2143
2292 565
2293 815
2294 680
2295 2238
2296 1373
2297 388
2298 2357
2299 756
2300 1559
2301 1858
2302 2388
2303 2186
2304 1390
2305 2166
2306 1516
2307 1410
2308 189
2309 2111
2310 406
2311 1318
2312 1230
2313 1321
2314 1026
2315 645
2316 1190
2317 2423
2318 1534
2319 782
2320 928
2321 2329
2322 855
2323 2214
2324 1723
2325 615
2326 326
2327 327
2328 32
2329 616
2330 248
2331 2332
2332 1442
2333 914
2334 15
2335 2454
2336 664
2337 440
2338 566
2339 53
2340 1364
2341 2234
2342 692
2343 2368
2344 1084
2345 1564
2346 1086
2347 1347
2348 1675
2349 1566
2350 1473
2351 1215
2352 2248
2353 1522
2354 1295
2355 31
2356 1577
2357 22
2358 23
2359 734
2360 2391
2361 2011
2362 1306
2363 2182
2364 413
2365 1224
2366 780
2367 749
2368 2280
2369 2236
2370 1840
2371 1157
2372 1584
2373 476
2374 344
2375 2063
2376 1967
2377 2288
2378 1237
2379 1782
2380 920
2381 1829
2382 45
2383 2030
2384 1249
2385 597
2386 1976
2387 2363
2388 1346
2389 1596
2390 1148
2391 750
2392 2142
2393 1506
2394 866
2395 1239
2396 2378
2397 1718
2398 2287
2399 1894
2400 1525
2401 1127
2402 1905
2403 1704
2404 478
2405 1974
2406 1621
2407 666
2408 789
2409 85
2410 2062
2411 101
2412 904
2413 1489
2414 1537
2415 1478
2416 1643
2417 4
2418 1149
2419 2149
2420 2342
2421 2355
2422 1163
2423 1542
2424 2260
2425 98
2426 764
2427 2060
2428 450
2429 1527
2430 1548
2431 1935
2432 2041
2433 122
2434 1654
2435 239
2436 1169
2437 2033
2438 1709
2439 1556
2440 132
2441 1181
2442 1171
2443 650
2444 181
2445 2428
2446 562
2447 1289
2448 1142
2449 1189
2450 1671
2451 1544
2452 828
2453 997
2454 216
2455 379
2456 1481
2457 1003
