2048 2902
2049 385
2050 1297
3 2839
4 21
1 969
8 944
259 409
11 2981
2 35
2062 1282
15 3038
16 1704
2067 745
2068 1953
1710 2808
22 2911
345 2086
2072 458
2073 1053
2075 1993
2077 2167
30 285
688 2573
34 2326
2083 2190
2084 2069
37 591
2086 772
1713 1335
40 415
41 1643
2090 1135
2091 673
2092 2280
45 2547
48 1682
2056 515
51 1532
2100 2157
2101 2539
55 1910
56 2041
2740 2220
59 2503
2108 1516
2109 3060
62 907
63 1384
2112 975
2114 1761
2115 2051
2116 2770
70 2039
353 76
72 2933
73 437
75 918
2124 2269
1378 3001
13 2145
2128 908
2129 2125
2130 604
2403 2063
85 2409
86 2329
88 2689
2137 2102
2138 1982
2139 767
92 1373
2746 2525
2144 2431
97 862
98 3114
2148 1190
2149 2242
3089 1224
104 911
105 3059
108 926
2157 629
2158 1106
111 2920
2160 645
19 2583
2164 1664
2165 1799
2166 331
2167 466
2168 3111
2169 909
2170 2378
123 3051
2410 1010
126 683
2175 1443
2176 1983
704 1116
130 905
2179 3125
2181 2721
2182 1728
136 1491
2412 1265
2186 2532
139 2927
140 1426
141 1363
143 1818
24 268
2755 512
2196 3062
2197 575
150 160
25 1539
152 212
2201 375
2202 2663
155 1396
157 1980
2206 2811
2207 2741
2208 2076
161 2825
162 1892
164 2231
165 619
166 228
369 2246
2216 2234
2217 2855
2418 2513
174 1481
3101 1247
176 1595
177 1541
178 3141
179 1009
180 777
2078 788
2230 778
2461 1924
372 3053
186 1425
187 3119
2236 2615
189 1424
2240 2498
2763 1193
2244 312
2246 2018
199 852
2251 1901
2252 1337
205 2768
2256 2991
2257 2550
211 2059
212 956
213 2274
214 2200
2425 2250
2264 2330
2265 2477
219 157
2269 2621
222 2464
223 1020
2274 2030
2275 2946
2277 1146
1488 1446
2280 582
2281 833
2283 2012
236 81
2285 1864
2287 821
2288 1063
241 1296
242 2528
243 2788
245 755
247 577
1585 2023
2297 2592
2300 571
42 814
2302 1152
255 330
2304 1503
257 2196
2307 1677
263 807
264 106
265 942
267 1291
2317 2109
2318 1046
2319 1161
272 1902
273 3066
2322 850
275 1026
2324 1034
277 564
729 54
280 412
2329 313
2330 65
2331 181
285 3042
2825 2255
2336 2868
2337 3024
292 1367
3045 286
49 2588
297 640
298 1534
2347 1714
300 2958
301 2495
2350 520
2351 569
304 2871
2353 523
306 2084
307 1273
2356 1098
309 382
310 885
2359 732
2360 2203
2363 1899
2364 1445
2365 1737
2367 1876
2368 1221
2370 643
2371 1037
324 1176
2373 281
2376 406
2444 1168
2378 2634
2379 2680
333 2524
2382 1659
335 727
2384 933
3128 3116
2386 2674
2387 2746
340 612
2389 3068
342 2141
343 2515
2393 2625
346 548
399 3147
2397 2640
2399 1654
352 2691
2401 1887
355 2336
2405 2619
358 2399
3132 18
362 1879
2411 183
364 2025
368 1246
2417 1702
370 2262
2420 2194
374 666
377 2424
3135 2988
380 328
746 606
2430 1665
2431 213
2432 2792
64 43
386 2398
1771 1945
388 70
2439 486
2441 1926
2442 98
2443 2419
396 2627
2446 398
2447 2749
400 1904
2450 728
404 2299
2798 2277
2456 1239
409 1867
2458 1804
2459 1470
410 1782
2462 204
2463 1320
416 919
2465 1600
418 602
411 2716
421 1607
2470 1549
423 2397
425 2117
2475 1281
428 2805
2478 2531
2479 740
2481 1047
2482 1973
2483 79
436 2989
439 1478
2488 1485
2490 1049
415 357
2495 1360
448 2752
2497 416
2498 1514
2123 677
1447 1658
454 2593
2503 2536
3152 1624
457 992
2506 2840
459 827
2510 2191
1101 1672
2514 295
2467 1741
468 1274
2521 1220
2522 1148
2524 2438
2525 2512
478 2493
479 2796
2528 402
2529 1758
2531 53
2535 3057
2537 278
2539 1105
494 149
2543 2652
498 3149
2131 1630
500 2024
501 974
2551 1566
2552 2774
506 2000
507 1350
509 264
2558 2232
511 1209
513 2956
2562 3102
516 721
2134 3011
2566 254
2567 1140
520 2937
3086 2227
770 1875
526 82
2577 2626
2578 503
531 1931
533 2570
534 891
89 1723
537 819
431 1742
2588 3045
543 1932
546 3115
91 519
548 2315
549 1501
2599 1888
2600 1755
2140 935
2602 62
2604 2580
2605 1147
558 2105
559 981
2609 1191
2610 2365
435 560
564 2951
2615 1797
2616 325
569 233
2618 1414
2620 549
573 2659
2623 2921
2625 995
578 2876
579 1194
2628 1681
2629 2878
583 2499
2633 2098
2634 1992
2636 1475
589 665
2829 123
592 1900
440 1213
594 1428
596 2560
597 834
598 2867
599 1998
2648 1972
602 2139
2651 2566
2652 2886
20 1094
2655 1538
2657 1502
2659 1139
2660 914
613 2496
2662 878
2663 671
2665 284
619 1872
2669 363
623 475
624 2118
2673 309
2674 1413
2675 205
2677 394
2678 1434
631 1068
632 2347
2681 2521
447 2188
2684 2971
2685 2268
2686 1747
639 1878
2688 786
2496 1048
642 2070
2691 1685
644 2428
646 2728
2696 1779
2699 1165
653 1807
654 2611
2706 1988
660 495
2711 739
664 2003
2716 2597
669 964
2718 2278
2719 2010
2720 1206
636 1119
2722 1385
2723 2616
2000 1186
2725 717
2727 1846
2728 2037
681 2965
682 1513
455 2414
685 1944
686 2815
1821 2421
2736 1056
1812 30
690 235
691 1057
692 23
2023 1517
696 1347
698 2192
2747 1432
700 1326
2752 1679
2753 2859
706 1861
707 1464
3024 269
2757 83
711 3054
712 1722
715 3089
718 1812
719 2847
2769 1358
803 87
2773 2476
726 572
2775 2948
728 1518
2777 1764
730 1164
731 1739
2780 2047
2785 566
2787 180
741 107
742 283
743 1699
745 1908
2794 3010
2795 3023
2796 2798
749 2197
750 3006
434 2202
2800 3150
1832 2327
2802 1506
2803 1355
757 72
2807 1256
760 2760
2809 1856
2810 2152
2813 2331
767 2281
2816 782
2818 920
2819 3071
772 2323
2821 2880
774 543
2823 2435
2824 1889
777 1330
2826 968
2827 1440
780 1441
781 1437
782 1103
2861 2854
2833 532
2834 887
787 2789
1049 379
2839 839
793 641
795 2384
2846 3016
801 1166
2850 1452
2851 2535
2852 498
805 1748
2854 2602
2855 894
809 1835
2858 655
812 1776
813 1144
1110 1029
818 1465
820 1783
2871 1668
2868 1172
826 2930
2875 3073
2876 2319
2877 38
831 1798
832 1711
834 2391
835 1790
836 2846
837 2180
838 1427
2887 2617
840 2865
2890 2893
843 184
2892 1917
847 244
848 1178
849 1715
2898 2103
851 1160
852 2555
854 3151
855 859
857 1451
2906 508
861 217
862 1942
2912 1871
827 1283
2193 1319
2920 2015
873 1938
487 813
876 1903
878 1642
2927 1987
2416 1149
2931 2479
2932 2356
885 3138
2934 616
888 2973
889 853
2939 332
2940 1383
2941 1574
2943 2632
896 1810
2945 2835
1871 2744
491 775
900 2830
2950 2697
2951 1816
904 2257
905 913
906 544
907 289
2956 2009
910 971
2959 1891
914 2838
2963 2562
2964 2038
917 764
153 2502
920 1648
2969 3128
2970 510
924 1695
2973 2556
2974 688
2975 502
928 1542
2979 1929
932 2710
2982 2150
2145 559
2984 3019
937 2881
938 3124
939 3094
2988 932
295 609
2992 1494
2888 2261
947 1395
949 1377
3000 1014
953 3118
954 2857
955 3112
1873 2642
960 344
279 748
964 1965
3013 947
3014 319
3015 1582
1055 2453
969 2737
970 2669
971 439
3020 293
3023 3108
976 2806
504 588
978 2781
979 2095
3028 387
3030 2952
984 471
985 1077
987 2918
3036 865
2554 2882
990 2295
991 2075
3040 2660
993 1618
3042 1228
3043 425
3044 731
2214 1766
999 1729
3048 880
1001 650
2215 1920
3053 795
2557 2283
2748 421
1011 64
1012 1968
510 315
3062 427
1015 2071
1016 2181
2900 1234
1019 1760
3069 1123
3071 494
2902 349
1032 1855
1035 299
1037 2304
1038 3074
173 2692
2680 870
1041 1896
3090 232
3091 2504
3093 158
1047 2290
3097 366
1053 127
2565 161
1057 353
1060 736
1061 1617
1062 189
1063 1471
3112 1399
3113 272
3114 1552
1067 820
3103 2273
1069 0
1070 2147
1072 2481
1073 670
3122 1974
3123 3091
3125 2644
1078 2629
1080 1127
3129 2088
1082 1725
3131 1242
1084 1062
3133 635
3134 622
36 2352
3138 3092
1091 355
3140 2472
3142 1208
1095 1578
3144 537
1097 2667
3146 2396
3147 1457
1100 2813
3149 1450
3151 2745
1104 1022
1106 400
867 531
765 2703
771 1934
2843 1051
1116 49
2234 1811
1119 3036
1120 3005
1121 720
1122 291
1123 2301
1126 2417
871 126
1134 1280
2237 1661
872 1484
1138 1202
1139 1189
1141 2358
1145 2945
1147 2733
1148 2266
1711 796
875 714
1157 690
1158 2928
2924 704
1164 1829
1165 1957
1169 2863
1170 318
1173 151
1174 2359
2153 433
1178 1110
1903 2206
1180 2517
1181 2516
1186 376
1187 473
1189 2897
1191 6
540 1544
1197 115
1198 2690
1207 3113
1209 646
1210 3032
2591 2468
1099 808
3109 320
2933 1474
1216 2912
1217 2478
1219 803
1223 2967
1224 525
1226 3009
1228 1781
1570 590
2253 1842
1232 2199
1234 2240
1236 2559
1238 869
2596 190
1243 2142
1246 1423
2597 2447
1249 474
1251 694
892 1058
1258 1620
551 1086
1260 585
893 3093
1267 1294
1269 2456
2088 1033
1272 280
1274 46
2136 2096
1278 858
1280 781
1281 960
1284 958
1286 1794
1288 2004
1291 384
1294 2541
1295 1850
1296 216
2947 1936
1301 2610
1241 1770
1304 58
1305 1978
1306 2244
1308 33
1314 12
1316 1845
902 1422
1318 202
1319 1074
839 2418
1817 2695
562 1192
1329 1640
1330 1979
1335 2545
1336 314
2612 1342
2271 855
1340 1985
1341 178
1342 563
1343 2507
1344 2162
1346 3120
1348 1647
1349 1170
2568 2776
1352 365
567 1181
1360 141
1362 88
2958 3039
1367 2264
1368 1430
1373 2687
1374 3121
229 2334
1376 991
1377 2407
2464 241
1379 86
1380 1738
1382 1162
572 637
1386 652
1387 197
1388 2712
1389 774
1390 2440
1392 1594
1394 804
1939 2782
1598 599
1401 1301
1404 667
1405 2869
1408 1736
2229 2739
1161 1061
2502 2484
1417 1418
2967 844
2434 2623
1423 2081
1425 1548
1430 691
921 660
1263 3022
1436 1523
1439 51
1440 463
1441 2848
1443 763
1444 2402
1445 545
1446 2106
2289 976
2972 1787
1451 1044
1453 2087
1454 188
1459 1207
1460 505
1461 1090
1462 2641
1463 3126
1464 2866
1465 2996
1466 724
1468 2285
1472 1052
1473 2891
1474 1991
1611 1870
1477 1691
1480 1490
1271 636
2637 810
2896 2925
1489 1403
1490 955
1493 31
1494 1467
1496 904
2639 2430
1501 499
1505 2554
419 3052
732 2518
1511 2990
1512 1244
1515 530
1516 2403
2642 848
2301 1085
936 2120
1525 985
1526 1417
1529 2829
2303 341
1532 768
2986 2057
2645 1958
256 2342
1539 1129
1540 2650
1541 1096
1542 451
3120 2605
1545 1703
1551 1159
1552 2395
1555 1833
1557 2441
1558 2707
1564 134
1567 2236
1568 999
1569 551
1416 1545
3121 1769
1576 983
1578 2393
1579 1995
1580 2676
1581 329
1988 227
1584 3139
2820 597
1588 2890
1589 882
394 1398
1600 2296
2099 527
1603 1463
1605 198
1607 261
940 967
1613 702
1614 265
952 1688
1618 2343
270 240
1622 924
3001 2802
271 2313
395 676
1636 3030
2828 802
38 1948
615 638
2305 2655
274 2123
2738 136
1651 255
1652 535
1653 2143
1487 2582
617 337
1656 1267
1657 836
1661 2383
1662 485
1663 1084
3008 825
1643 2529
1668 2284
1672 2756
1673 1984
1674 1476
2327 3097
1676 2765
1679 1349
1680 1041
1681 37
2187 892
3148 1632
1686 2455
2805 1386
1689 943
1690 2233
1647 2198
1692 1656
1694 504
1697 323
966 1597
1702 2400
1703 100
1707 1928
1708 997
1709 1375
3118 2020
125 454
1712 481
807 119
1714 2195
1715 2083
1716 392
398 2904
2228 381
629 1680
288 737
1730 1913
1732 484
630 614
1734 1454
1735 653
1737 546
2679 1808
1741 3056
1743 2585
1744 2115
1745 3008
1746 338
1747 266
1748 831
1749 961
1750 2917
2221 2433
1754 45
975 194
1760 69
1727 410
1762 2085
1763 2500
1764 1586
1766 1169
1768 108
1769 1262
1770 874
2923 304
1775 2929
1776 1174
1320 1210
1784 487
1787 1805
1791 2174
1793 1300
1794 424
1796 2215
1798 658
1800 895
1804 1407
1409 750
3032 1692
643 131
2085 2404
1814 2420
1815 2807
2692 689
1818 2429
1819 1253
606 1628
2089 1249
1822 578
1823 2888
1824 1952
1827 2568
129 56
1834 1726
2516 1334
1837 3018
3037 3007
1843 105
1844 2668
1845 84
1847 2879
1849 1233
1852 2052
1854 3099
539 75
992 1778
1859 2844
1860 2837
1861 1884
1862 716
1864 1800
1866 2457
1867 2124
967 1327
1872 440
2790 442
1337 1881
1883 3034
2654 538
997 3136
1888 725
315 2845
1893 1687
1894 583
1895 2040
3080 2338
1897 2007
1898 195
3047 2887
1901 3044
1902 140
2791 2913
1904 247
1906 2791
1907 1708
1911 1400
1917 122
1919 925
1920 693
1924 553
1927 2506
1929 1185
1932 1493
322 8
1937 3004
323 2351
1942 1078
2031 348
1953 2151
1957 20
2033 1557
1961 1579
1967 2646
1968 290
1969 1038
1970 2906
1972 565
670 2016
2377 1080
1977 226
1978 988
1980 1700
134 393
1985 2514
331 1916
3035 1837
1990 711
1991 1645
1993 1261
3063 2
1996 1429
1997 1248
1998 118
1999 2288
2209 2473
2003 1314
2006 1438
2007 1634
2012 2972
2013 32
336 2751
2018 1255
2019 491
2022 552
2385 2267
2026 558
2027 2950
2030 1284
1021 452
680 1605
2037 152
1350 1122
2040 1604
2041 2101
2045 542
2046 2883
2047 1911
