1451 1044
1540 2650
2566 254
1793 1300
8 944
2535 3057
3086 2227
3089 1224
3090 232
1555 1833
3093 158
22 2911
1893 1687
2072 458
3101 1247
30 285
176 1595
546 3115
548 2315
1061 1617
2086 772
2481 1047
1576 983
2090 1135
45 2547
558 2105
559 981
48 1682
2056 515
2610 2365
51 1532
2100 2157
1078 2629
2615 1797
3128 3116
3131 1242
2108 1516
2109 3060
49 2588
1605 198
991 2075
1607 261
1097 2667
2634 1992
1099 808
2636 1475
2128 908
2130 604
1294 2541
86 2329
88 2689
602 2139
2651 2566
1116 49
2655 1538
1120 3005
97 862
1123 2301
2662 878
1126 2417
2663 671
2665 284
939 3094
2669 363
2158 1106
624 2118
1139 1189
2164 1664
873 1938
1145 2945
38 1948
2685 2268
1663 1084
2240 2498
642 2070
2691 1685
2692 689
2182 1728
1217 2478
2696 1779
567 1181
2699 1165
654 2611
1680 1041
24 268
1134 1280
1689 943
1690 2233
155 1396
2716 2597
669 964
2206 2811
1697 323
1186 376
2000 1186
2727 1846
2216 2234
682 1513
1223 2967
1708 997
1709 1375
686 2815
1712 481
690 235
1715 2083
180 777
2364 1445
696 1347
1209 646
688 2573
2236 2615
1216 2912
2753 2859
2755 512
3024 269
2757 83
1734 1454
1735 653
712 1722
1737 546
1741 3056
1997 1248
2769 1358
1473 2891
212 956
1749 961
1750 2917
2169 909
2084 2069
1754 45
1337 1881
549 1501
976 2806
1286 1794
2277 1146
2790 442
2280 582
746 606
2796 2798
1490 955
2287 821
1815 2807
40 415
1798 658
1267 1294
468 1274
1274 46
2431 213
2552 2774
42 814
767 2281
1280 781
257 2196
1440 463
2821 2880
774 543
2823 2435
2824 1889
1062 189
2829 123
2318 1046
2319 1161
2160 645
2834 887
787 2789
2447 2749
1070 2147
729 54
1817 2695
1818 2429
1819 1253
285 3042
1822 578
520 2937
2336 2868
801 1166
2851 2535
2852 498
805 1748
2941 1574
807 119
3036 865
298 1534
2439 486
812 1776
3122 1974
902 1422
726 572
3123 3091
960 344
310 885
2359 732
564 2951
223 1020
2876 2319
1343 2507
2368 1221
1346 3120
835 1790
324 1176
2785 566
1352 365
1866 2457
2858 655
2892 1917
1871 2744
2384 933
849 1715
2773 2476
2389 3068
342 2141
1849 1233
875 714
2393 2625
2959 1891
2397 2640
2399 1654
1378 3001
355 2336
292 1367
742 283
1894 583
1895 2040
2620 549
1898 195
1387 197
1069 0
2417 1702
370 2262
2932 2356
3030 2952
889 853
2939 332
380 328
1917 122
1919 925
896 1810
2529 1758
179 1009
388 70
2950 2697
2951 1816
1929 1185
2956 2009
1423 2081
400 1904
1937 3004
985 1077
2964 2038
917 764
2967 844
900 2830
924 1695
2605 1147
2975 502
2464 241
1444 2402
421 1607
2503 2536
730 1164
1961 1579
2475 1281
2988 932
2418 2513
1454 188
2461 1924
1968 290
840 2865
2482 1973
1461 1090
3000 1014
953 3118
2265 2477
1980 1700
2378 2634
448 2752
1985 2514
2521 1220
1867 2124
964 1965
3013 947
454 2593
161 2825
969 2737
2506 2840
2722 1385
1488 1446
1489 1403
2514 295
3028 387
1494 1467
2007 1634
932 2710
2522 1148
987 2918
2524 2438
2525 2512
990 2295
1957 20
3040 2660
993 1618
2861 2854
487 813
1618 2343
2030 1284
2031 348
2984 3019
2301 1085
510 315
1015 2071
1016 2181
255 330
2898 2103
2558 2232
511 1209
