0 2179
1 969
2 35
3 2839
4 21
5 2208
6 26
7 2985
8 944
9 496
10 96
11 2981
12 2505
13 2145
14 2311
15 3038
16 1704
17 3012
18 1433
19 2583
20 1094
21 2565
22 2911
23 1019
24 268
25 1539
26 1361
27 390
28 3063
29 2657
30 285
31 1784
32 840
33 1073
34 2326
35 2049
36 2352
37 591
38 1948
39 785
40 415
41 1643
42 814
43 3031
44 627
45 2547
46 2113
47 715
48 1682
49 2588
50 1977
51 1532
52 1831
53 2055
54 1543
55 1910
56 2041
57 3107
58 1625
59 2503
60 873
61 3130
62 907
63 1384
64 43
65 1141
66 674
67 2577
68 2289
69 1593
70 2039
71 521
72 2933
73 437
74 1298
75 918
76 1157
77 792
78 2425
79 805
80 2388
81 2820
82 812
83 1133
84 2877
85 2409
86 2329
87 3046
88 2689
89 1723
90 2526
91 519
92 1373
93 1564
94 1525
95 2339
96 2763
97 862
98 3114
99 2941
100 2337
101 730
102 1504
103 1610
104 911
105 3059
106 1709
107 934
108 926
109 1713
110 1719
111 2920
112 2178
113 1975
114 310
115 1392
116 1460
117 2510
118 709
119 2392
120 464
121 488
122 2426
123 3051
124 3090
125 454
126 683
127 1268
128 209
129 56
130 905
131 1994
132 2149
133 446
134 393
135 1697
136 1491
137 2368
138 2719
139 2927
140 1426
141 1363
142 927
143 1818
144 2723
145 556
146 1270
147 2572
148 2480
149 453
150 160
151 22
152 212
153 2502
154 1124
155 1396
156 1706
157 1980
158 822
159 2293
160 3101
161 2825
162 1892
163 1304
164 2231
165 619
166 228
167 1024
168 91
169 780
170 611
171 2544
172 417
173 2692
174 1481
175 2177
176 1595
177 1541
178 3141
179 1009
180 777
181 1788
182 1145
183 2056
184 1380
185 2905
186 1425
187 3119
188 826
189 1424
190 1663
191 2034
192 1421
193 362
194 1820
195 801
196 2579
197 2437
198 297
199 852
200 2794
201 1512
202 85
203 3098
204 2362
205 2768
206 203
207 1003
208 333
209 1771
210 2036
211 2059
212 956
213 2274
214 2200
215 156
216 147
217 554
218 1198
219 157
220 1076
221 1792
222 2464
223 1020
224 403
225 1411
226 2736
227 2375
228 2108
229 2334
230 996
231 856
232 426
233 2773
234 753
235 1796
236 81
237 97
238 1646
239 296
240 707
241 1296
242 2528
243 2788
244 1762
245 755
246 1773
247 577
248 1676
249 2984
250 2490
251 1288
252 2957
253 2731
254 1101
255 330
256 2342
257 2196
258 257
259 409
260 2467
261 28
262 1638
263 807
264 106
265 942
266 915
267 1291
268 1025
269 1915
270 240
271 2313
272 1902
273 3066
274 2123
275 1026
276 172
277 564
278 219
279 748
280 412
281 2720
282 547
283 2245
284 2229
285 3042
286 1310
287 2685
288 737
289 2021
290 2054
291 2310
292 1367
293 2470
294 522
295 609
296 2836
297 640
298 1534
299 2212
300 2958
301 2495
302 2942
303 2601
304 2871
305 945
306 2084
307 1273
308 1852
309 382
310 885
311 2423
312 431
313 979
314 167
315 2845
316 3106
317 1732
318 1
319 2303
320 2218
321 883
322 8
323 2351
324 1176
325 514
326 1136
327 877
328 4
329 699
330 2427
331 1916
332 539
333 2524
334 2851
335 727
336 2751
337 2166
338 1602
339 154
340 612
341 356
342 2141
343 2515
344 938
345 2086
346 548
347 2551
348 2814
349 336
350 1356
351 2725
352 2691
353 76
354 1666
355 2336
356 2189
357 3072
358 2399
359 1690
360 2346
361 1352
362 1879
363 2631
364 2025
365 2110
366 2265
367 1343
368 1246
369 2246
370 2262
371 618
372 3053
373 931
374 666
375 2750
376 133
377 2424
378 173
379 2766
380 328
381 2045
382 2785
383 649
384 700
385 1371
386 2398
387 630
388 70
389 1404
390 95
391 2693
392 2762
393 1558
394 1398
395 676
396 2627
397 2415
398 2904
399 3147
400 1904
401 2614
402 528
403 170
404 2299
405 603
406 2172
407 2048
408 957
409 1867
410 1782
411 2716
412 2136
413 2563
414 1370
415 357
416 919
417 756
418 602
419 3052
420 1117
421 1607
422 789
423 2397
424 2748
425 2117
426 1389
427 129
428 2805
429 1970
430 2491
431 1742
432 1752
433 1120
434 2202
435 560
436 2989
437 1777
438 1608
439 1478
440 1213
441 1801
442 1657
443 2907
444 1636
445 2458
446 1316
447 2188
448 2752
449 1814
450 60
451 3015
452 1609
453 1847
454 2593
455 2414
456 24
457 992
458 1947
459 827
460 2922
461 1822
462 1388
463 861
464 1918
465 1070
466 2969
467 2294
468 1274
469 2073
470 1111
471 193
472 360
473 1143
474 2635
475 2099
476 659
477 1277
478 2493
479 2796
480 2587
481 163
482 80
483 829
484 3085
485 2999
486 50
487 813
488 208
489 977
490 794
491 775
492 800
493 407
494 149
495 2459
496 1083
497 1660
498 3149
499 2452
500 2024
501 974
502 1257
503 929
504 588
505 1841
506 2000
507 1350
508 2207
509 264
510 315
511 1209
512 2211
513 2956
514 2549
515 2082
516 721
517 743
518 1606
519 2165
520 2937
521 378
522 1236
523 568
524 1507
525 1651
526 82
527 2031
528 734
529 3029
530 1365
531 1931
532 44
533 2570
534 891
535 2074
536 2379
537 819
538 1258
539 75
540 1544
541 2636
542 771
543 1932
544 2223
545 1092
546 3115
547 3140
548 2315
549 1501
550 1331
551 1086
552 1765
553 1306
554 367
555 225
556 61
557 1956
558 2105
559 981
560 1962
561 1477
562 1192
563 214
564 2951
565 405
566 682
567 1181
568 1744
569 233
570 1196
571 2270
572 637
573 2659
574 950
575 608
576 1163
577 2706
578 2876
579 1194
580 1351
581 2970
582 368
583 2499
584 2975
585 2077
586 3021
587 1791
588 399
589 665
590 1322
591 2251
592 1900
593 574
594 1428
595 701
596 2560
597 834
598 2867
599 1998
600 2307
601 1583
602 2139
603 1662
604 2858
605 2822
606 1628
607 17
608 1045
609 2422
610 2193
611 99
612 55
613 2496
614 1115
615 638
616 2793
617 337
618 1081
619 1872
620 2168
621 620
622 828
623 475
624 2118
625 3077
626 1060
627 150
628 277
629 1680
630 614
631 1068
632 2347
633 1581
634 1650
635 2324
636 1119
637 1832
638 2410
639 1878
640 2662
641 1259
642 2070
643 131
644 2428
645 2144
646 2728
647 2228
648 302
649 937
650 751
651 1305
652 1406
653 1807
654 2611
655 408
656 2612
657 2511
658 369
659 361
660 495
661 2860
662 762
663 511
664 2003
665 1592
666 1087
667 594
668 2828
669 964
670 2016
671 2977
672 759
673 540
674 3064
675 2411
676 112
677 1633
678 2704
679 1537
680 1605
681 2965
682 1513
683 3080
684 1469
685 1944
686 2815
687 654
688 2573
689 1813
690 235
691 1057
692 23
693 2938
694 2995
695 1266
696 1347
697 818
698 2192
699 234
700 1326
701 1002
702 1969
703 1299
704 1116
705 632
706 1861
707 1464
708 1125
709 2569
710 117
711 3054
712 1722
713 1364
714 1340
715 3089
716 838
717 2772
718 1812
719 2847
720 2209
721 2161
722 3040
723 718
724 2316
725 279
726 572
727 584
728 1518
729 54
730 1164
731 1739
732 2518
733 661
734 77
735 729
736 2708
737 324
738 1132
739 2286
740 2148
741 107
742 283
743 1699
744 1601
745 1908
746 606
747 2214
748 420
749 2197
750 3006
751 2787
752 797
753 1627
754 354
755 692
756 1232
757 72
758 2022
759 428
760 2760
761 468
762 1559
763 432
764 19
765 2703
766 1533
767 2281
768 1614
769 174
770 1875
771 1934
772 2323
773 3055
774 543
775 3020
776 1217
777 1330
778 1509
779 2997
780 1441
781 1437
782 1103
783 2387
784 1071
785 1836
786 223
787 2789
788 2093
789 607
790 1223
791 1599
792 68
793 641
794 2449
795 2384
796 109
797 2302
798 2372
799 830
800 845
801 1166
802 2380
803 87
804 1925
805 1748
806 1317
807 119
808 1772
809 1835
810 306
811 13
812 1776
813 1144
814 3025
815 2976
816 664
817 2060
818 1465
819 1935
820 1783
821 322
822 377
823 342
824 113
825 137
826 2930
827 1283
828 1064
829 2852
830 142
831 1798
832 1711
833 1226
834 2391
835 1790
836 2846
837 2180
838 1427
839 2418
840 2865
841 507
842 1857
843 184
844 1455
845 2661
846 1707
847 244
848 1178
849 1715
850 2126
851 1160
852 2555
853 448
854 3151
855 859
856 2709
857 1451
858 2586
859 187
860 2140
861 217
862 1942
863 2767
864 2591
865 359
866 335
867 531
868 2335
869 2466
870 1563
871 126
872 1484
873 1938
874 2522
875 714
876 1903
877 2761
878 1642
879 2962
880 3132
881 395
882 42
883 2305
884 1930
885 3138
886 380
887 200
888 2973
889 853
890 1556
891 262
892 1058
893 3093
894 438
895 2816
896 1810
897 1898
898 493
899 2252
900 2830
901 1635
902 1422
903 273
904 2257
905 913
906 544
907 289
908 73
909 7
910 971
911 631
912 1231
913 516
914 2838
915 1751
916 1482
917 764
918 57
919 832
920 1648
921 660
922 705
923 2818
924 1695
925 1303
926 679
927 738
928 1542
929 1596
930 3050
931 2079
932 2710
933 1235
934 1091
935 965
936 2120
937 2881
938 3124
939 3094
940 967
941 1757
942 1540
943 1686
944 1821
945 248
946 125
947 1395
948 2153
949 1377
950 418
951 2675
952 1688
953 3118
954 2857
955 3112
956 2701
957 595
958 773
959 1113
960 344
961 1150
962 1912
963 300
964 1965
965 1631
966 1597
967 1327
968 2348
969 2737
970 2669
971 439
972 656
973 436
974 482
975 194
976 2806
977 270
978 2781
979 2095
980 2370
981 1016
982 159
983 2461
984 471
985 1077
986 1667
987 2918
988 2724
989 1528
990 2295
991 2075
992 1778
993 1618
994 480
995 2740
996 2963
997 3136
998 2044
999 1729
1000 434
1001 650
1002 52
1003 1616
1004 644
1005 1893
1006 2780
1007 1880
1008 2992
1009 2376
1010 749
1011 64
1012 1968
1013 1529
1014 1964
1015 2071
1016 2181
1017 1039
1018 817
1019 1760
1020 1097
1021 452
1022 2405
1023 2714
1024 2114
1025 2947
1026 1278
1027 1996
1028 1869
1029 258
1030 275
1031 987
1032 1855
1033 2471
1034 2137
1035 299
1036 509
1037 2304
1038 3074
1039 1943
1040 949
1041 1896
1042 391
1043 1780
1044 2664
1045 1250
1046 2385
1047 2290
1048 1733
1049 379
1050 1353
1051 1587
1052 1420
1053 127
1054 1216
1055 2453
1056 1745
1057 353
1058 301
1059 2872
1060 736
1061 1617
1062 189
1063 1471
1064 940
1065 347
1066 2683
1067 820
1068 256
1069 0
1070 2147
1071 1561
1072 2481
1073 670
1074 3078
1075 389
1076 2263
1077 851
1078 2629
1079 1868
1080 1127
1081 686
1082 1725
1083 1671
1084 1062
1085 1302
1086 1637
1087 2696
1088 2222
1089 282
1090 1560
1091 355
1092 1307
1093 1815
1094 2138
1095 1578
1096 3003
1097 2667
1098 2226
1099 808
1100 2813
1101 1672
1102 1264
1103 1075
1104 1022
1105 1873
1106 400
1107 472
1108 191
1109 678
1110 1029
1111 2727
1112 2980
1113 370
1114 2072
1115 1933
1116 49
1117 648
1118 1727
1119 3036
1120 3005
1121 720
1122 291
1123 2301
1124 1067
1125 2112
1126 2417
1127 1402
1128 206
1129 746
1130 1914
1131 238
1132 2374
1133 2677
1134 1280
1135 647
1136 1505
1137 250
1138 1202
1139 1189
1140 2122
1141 2358
1142 1483
1143 2797
1144 2633
1145 2945
1146 2129
1147 2733
1148 2266
1149 2769
1150 2033
1151 1535
1152 3027
1153 2803
1154 422
1155 1844
1156 687
1157 690
1158 2928
1159 1495
1160 1649
1161 1061
1162 1510
1163 2205
1164 1829
1165 1957
1166 1838
1167 1040
1168 2940
1169 2863
1170 318
1171 757
1172 1372
1173 151
1174 2359
1175 3087
1176 1696
1177 2964
1178 1110
1179 2350
1180 2517
1181 2516
1182 1419
1183 317
1184 2309
1185 1237
1186 376
1187 473
1188 2243
1189 2897
1190 921
1191 6
1192 1489
1193 2107
1194 2173
1195 2686
1196 1981
1197 115
1198 2690
1199 2824
1200 2790
1201 1088
1202 1568
1203 374
1204 2454
1205 2943
1206 1245
1207 3113
1208 71
1209 646
1210 3032
1211 1701
1212 1219
1213 15
1214 175
1215 994
1216 2912
1217 2478
1218 1028
1219 803
1220 111
1221 1883
1222 2530
1223 2967
1224 525
1225 1448
1226 3009
1227 1522
1228 1781
1229 372
1230 3049
1231 1089
1232 2199
1233 1205
1234 2240
1235 350
1236 2559
1237 2656
1238 869
1239 305
1240 1521
1241 1770
1242 1345
1243 2142
1244 1338
1245 1456
1246 1423
1247 1263
1248 886
1249 474
1250 2182
1251 694
1252 3145
1253 779
1254 1099
1255 243
1256 1201
1257 1390
1258 1620
1259 2482
1260 585
1261 497
1262 2747
1263 3022
1264 40
1265 621
1266 2730
1267 1294
1268 2986
1269 2456
1270 1156
1271 636
1272 280
1273 2462
1274 46
1275 2394
1276 1382
1277 2322
1278 858
1279 1565
1280 781
1281 960
1282 2259
1283 1461
1284 958
1285 2363
1286 1794
1287 2272
1288 2004
1289 298
1290 741
1291 384
1292 3065
1293 2450
1294 2541
1295 1850
1296 216
1297 1894
1298 3013
1299 196
1300 1107
1301 2610
1302 2895
1303 2186
1304 58
1305 1978
1306 2244
1307 2183
1308 33
1309 2608
1310 1230
1311 903
1312 769
1313 1308
1314 12
1315 567
1316 1845
1317 615
1318 202
1319 1074
1320 1210
1321 1960
1322 1344
1323 600
1324 2926
1325 3067
1326 896
1327 962
1328 477
1329 1640
1330 1979
1331 478
1332 1895
1333 371
1334 881
1335 2545
1336 314
1337 1881
1338 2078
1339 2446
1340 1985
1341 178
1342 563
1343 2507
1344 2162
1345 2688
1346 3120
1347 1436
1348 1647
1349 1170
1350 1122
1351 461
1352 365
1353 2043
1354 1774
1355 2558
1356 923
1357 386
1358 706
1359 1007
1360 141
1361 1720
1362 88
1363 1393
1364 1252
1365 1575
1366 2389
1367 2264
1368 1430
1369 2581
1370 2684
1371 993
1372 1572
1373 2687
1374 3121
1375 2870
1376 991
1377 2407
1378 3001
1379 86
1380 1738
1381 684
1382 1162
1383 2900
1384 3133
1385 1768
1386 652
1387 197
1388 2712
1389 774
1390 2440
1391 2758
1392 1594
1393 972
1394 804
1395 2488
1396 1862
1397 246
1398 534
1399 573
1400 2578
1401 1301
1402 2934
1403 346
1404 667
1405 2869
1406 1032
1407 2465
1408 1736
1409 750
1410 2163
1411 1613
1412 2735
1413 66
1414 871
1415 1573
1416 1545
1417 1418
1418 2061
1419 2599
1420 2377
1421 1324
1422 2982
1423 2081
1424 1290
1425 1548
1426 120
1427 1569
1428 316
1429 2533
1430 691
1431 1527
1432 89
1433 639
1434 901
1435 11
1436 1523
1437 698
1438 946
1439 51
1440 463
1441 2848
1442 1410
1443 763
1444 2402
1445 545
1446 2106
1447 1658
1448 2734
1449 973
1450 101
1451 1044
1452 1655
1453 2087
1454 188
1455 1138
1456 550
1457 2432
1458 1354
1459 1207
1460 505
1461 1090
1462 2641
1463 3126
1464 2866
1465 2996
1466 724
1467 2097
1468 2285
1469 888
1470 596
1471 2670
1472 1052
1473 2891
1474 1991
1475 2757
1476 1683
1477 1691
1478 2817
1479 2853
1480 1490
1481 47
1482 2994
1483 237
1484 2884
1485 758
1486 815
1487 2582
1488 1446
1489 1403
1490 955
1491 2239
1492 2306
1493 31
1494 1467
1495 2292
1496 904
1497 1215
1498 3
1499 210
1500 1922
1501 499
1502 1158
1503 2260
1504 1750
1505 2554
1506 476
1507 1828
1508 1015
1509 253
1510 2224
1511 2990
1512 1244
1513 1999
1514 841
1515 530
1516 2403
1517 2894
1518 1580
1519 1473
1520 954
1521 866
1522 899
1523 2091
1524 634
1525 985
1526 1417
1527 2006
1528 1951
1529 2829
1530 2645
1531 1689
1532 768
1533 2786
1534 2722
1535 2954
1536 1756
1537 1576
1538 2643
1539 1129
1540 2650
1541 1096
1542 451
1543 663
1544 435
1545 1703
1546 3153
1547 948
1548 1442
1549 2523
1550 224
1551 1159
1552 2395
1553 1381
1554 1827
1555 1833
1556 3137
1557 2441
1558 2707
1559 2390
1560 2519
1561 2901
1562 2910
1563 1112
1564 134
1565 2993
1566 893
1567 2236
1568 999
1569 551
1570 590
1571 1588
1572 2355
1573 593
1574 2589
1575 1927
1576 983
1577 2297
1578 2393
1579 1995
1580 2676
1581 329
1582 1693
1583 2171
1584 3139
1585 2023
1586 1839
1587 747
1588 2890
1589 882
1590 1462
1591 307
1592 3131
1593 2042
1594 2341
1595 455
1596 2542
1597 1961
1598 599
1599 1357
1600 2296
1601 1114
1602 1366
1603 1463
1604 1570
1605 198
1606 419
1607 261
1608 970
1609 114
1610 2133
1611 1870
1612 2699
1613 702
1614 265
1615 1323
1616 501
1617 1641
1618 2343
1619 450
1620 806
1621 518
1622 924
1623 1315
1624 1183
1625 2889
1626 2864
1627 2300
1628 1458
1629 3123
1630 1519
1631 1907
1632 2850
1633 936
1634 2448
1635 2603
1636 3030
1637 733
1638 2050
1639 3104
1640 2726
1641 2557
1642 697
1643 2529
1644 3081
1645 3069
1646 3058
1647 2198
1648 1369
1649 1021
1650 460
1651 255
1652 535
1653 2143
1654 2146
1655 1955
1656 1267
1657 836
1658 2067
1659 2017
1660 2494
1661 2383
1662 485
1663 1084
1664 2408
1665 1134
1666 506
1667 3148
1668 2284
1669 1652
1670 1444
1671 680
1672 2756
1673 1984
1674 1476
1675 242
1676 2765
1677 2936
1678 430
1679 1349
1680 1041
1681 37
1682 2932
1683 1008
1684 2011
1685 1391
1686 2455
1687 3075
1688 951
1689 943
1690 2233
1691 2156
1692 1656
1693 1623
1694 504
1695 1906
1696 1619
1697 323
1698 1511
1699 2534
1700 138
1701 3110
1702 2400
1703 100
1704 1775
1705 696
1706 2127
1707 1928
1708 997
1709 1375
1710 2808
1711 796
1712 481
1713 1335
1714 2195
1715 2083
1716 392
1717 2543
1718 681
1719 1218
1720 517
1721 1072
1722 479
1723 2279
1724 3086
1725 1694
1726 1526
1727 410
1728 2271
1729 2753
1730 1913
1731 1066
1732 484
1733 2328
1734 1454
1735 653
1736 2176
1737 546
1738 710
1739 2080
1740 3135
1741 3056
1742 36
1743 2585
1744 2115
1745 3008
1746 338
1747 266
1748 831
1749 961
1750 2917
1751 186
1752 288
1753 2486
1754 45
1755 249
1756 445
1757 2856
1758 1374
1759 685
1760 69
1761 766
1762 2085
1763 2500
1764 1586
1765 3037
1766 1169
1767 3083
1768 108
1769 1262
1770 874
1771 1945
1772 2357
1773 334
1774 953
1775 2929
1776 1174
1777 1254
1778 1036
1779 276
1780 672
1781 3043
1782 625
1783 601
1784 487
1785 963
1786 110
1787 1805
1788 2445
1789 1940
1790 14
1791 2174
1792 252
1793 1300
1794 424
1795 2128
1796 2215
1797 2367
1798 658
1799 712
1800 895
1801 990
1802 2647
1803 2248
1804 1407
1805 860
1806 1536
1807 1333
1808 2492
1809 3048
1810 626
1811 1612
1812 30
1813 1859
1814 2420
1815 2807
1816 1834
1817 2695
1818 2429
1819 1253
1820 2775
1821 2421
1822 578
1823 2888
1824 1952
1825 3134
1826 2360
1827 2568
1828 2553
1829 2548
1830 2029
1831 1104
1832 2327
1833 1860
1834 1726
1835 1819
1836 1412
1837 3018
1838 2401
1839 9
1840 2317
1841 586
1842 1853
1843 105
1844 2668
1845 84
1846 642
1847 2879
1848 1584
1849 1233
1850 824
1851 722
1852 2052
1853 171
1854 3099
1855 1043
1856 1017
1857 2609
1858 2754
1859 2844
1860 2837
1861 1884
1862 716
1863 2497
1864 1800
1865 1848
1866 2457
1867 2124
1868 1826
1869 916
1870 1313
1871 2744
1872 440
1873 2642
1874 1716
1875 2571
1876 2596
1877 3026
1878 3109
1879 541
1880 2487
1881 169
1882 292
1883 3034
1884 3127
1885 1431
1886 103
1887 1753
1888 725
1889 2682
1890 959
1891 2804
1892 2187
1893 1687
1894 583
1895 2040
1896 1167
1897 2007
1898 195
1899 1874
1900 1730
1901 3044
1902 140
1903 2206
1904 247
1905 146
1906 2791
1907 1708
1908 2987
1909 404
1910 104
1911 1400
1912 2508
1913 1500
1914 1011
1915 2898
1916 2875
1917 122
1918 623
1919 925
1920 693
1921 3146
1922 2312
1923 857
1924 553
1925 2219
1926 1173
1927 2506
1928 230
1929 1185
1930 2694
1931 811
1932 1493
1933 2371
1934 3076
1935 2606
1936 245
1937 3004
1938 1130
1939 2782
1940 352
1941 1675
1942 1078
1943 2469
1944 1921
1945 875
1946 2639
1947 1409
1948 1858
1949 2540
1950 2831
1951 456
1952 2249
1953 2151
1954 1379
1955 1065
1956 10
1957 20
1958 2574
1959 2340
1960 2700
1961 1579
1962 744
1963 1710
1964 1492
1965 2406
1966 1590
1967 2646
1968 290
1969 1038
1970 2906
1971 1401
1972 565
1973 3152
1974 1200
1975 2439
1976 2210
1977 226
1978 988
1979 2130
1980 1700
1981 139
1982 1562
1983 1151
1984 229
1985 2514
1986 1082
1987 1967
1988 227
1989 1287
1990 711
1991 1645
1992 2705
1993 1261
1994 1329
1995 1698
1996 1429
1997 1248
1998 118
1999 2288
2000 1186
2001 2256
2002 1272
2003 1314
2004 2436
2005 2008
2006 1438
2007 1634
2008 1611
2009 1187
2010 2649
2011 1626
2012 2972
2013 32
2014 1093
2015 2759
2016 2155
2017 783
2018 1255
2019 491
2020 2743
2021 793
2022 552
2023 1517
2024 2961
2025 274
2026 558
2027 2950
2028 326
2029 713
2030 1284
2031 348
2032 2201
2033 1557
2034 1603
2035 1718
2036 164
2037 152
2038 675
2039 373
2040 1604
2041 2101
2042 2598
2043 327
2044 1487
2045 542
2046 2883
2047 1911
2048 2902
2049 385
2050 1297
2051 2092
2052 562
2053 1789
2054 490
2055 2711
2056 515
2057 1341
2058 1531
2059 837
2060 364
2061 343
2062 1282
2063 2564
2064 1615
2065 1109
2066 2121
2067 745
2068 1953
2069 978
2070 2160
2071 1013
2072 458
2073 1053
2074 94
2075 1993
2076 2027
2077 2167
2078 788
2079 2729
2080 651
2081 2892
2082 1368
2083 2190
2084 2069
2085 2404
2086 772
2087 2241
2088 1033
2089 1249
2090 1135
2091 673
2092 2280
2093 579
2094 1325
2095 726
2096 1175
2097 897
2098 1795
2099 527
2100 2157
2101 2539
2102 524
2103 1546
2104 2135
2105 132
2106 1328
2107 2509
2108 1516
2109 3060
2110 1937
2111 2349
2112 975
2113 3061
2114 1761
2115 2051
2116 2770
2117 1644
2118 1759
2119 303
2120 809
2121 2159
2122 492
2123 677
2124 2269
2125 2442
2126 2527
2127 1919
2128 908
2129 2125
2130 604
2131 1630
2132 2718
2133 816
2134 3011
2135 2953
2136 2096
2137 2102
2138 1982
2139 767
2140 935
2141 1479
2142 2062
2143 2275
2144 2431
2145 559
2146 1289
2147 662
2148 1190
2149 2242
2150 2175
2151 144
2152 1137
2153 433
2154 864
2155 1923
2156 2325
2157 629
2158 1106
2159 93
2160 645
2161 3041
2162 2998
2163 2823
2164 1664
2165 1799
2166 331
2167 466
2168 3111
2169 909
2170 2378
2171 890
2172 41
2173 2354
2174 1435
2175 1443
2176 1983
2177 2158
2178 719
2179 3125
2180 459
2181 2721
2182 1728
2183 1843
2184 1809
2185 1031
2186 2532
2187 892
2188 1939
2189 176
2190 2416
2191 78
2192 2651
2193 1319
2194 863
2195 447
2196 3062
2197 575
2198 2955
2199 90
2200 1018
2201 375
2202 2663
2203 2821
2204 271
2205 162
2206 2811
2207 2741
2208 2076
2209 2473
2210 2546
2211 1990
2212 628
2213 2100
2214 1766
2215 1920
2216 2234
2217 2855
2218 868
2219 3096
2220 5
2221 2433
2222 1731
2223 2002
2224 92
2225 2443
2226 2053
2227 449
2228 381
2229 2739
2230 778
2231 2369
2232 211
2233 2026
2234 1811
2235 2344
2236 2615
2237 1661
2238 1740
2239 1154
2240 2498
2241 1466
2242 526
2243 1142
2244 312
2245 742
2246 2018
2247 1786
2248 2919
2249 2237
2250 2381
2251 1901
2252 1337
2253 1842
2254 1378
2255 2915
2256 2991
2257 2550
2258 2230
2259 1102
2260 2783
2261 2819
2262 2046
2263 218
2264 2330
2265 2477
2266 1897
2267 2170
2268 1480
2269 2621
2270 215
2271 855
2272 1749
2273 2658
2274 2030
2275 2946
2276 2318
2277 1146
2278 469
2279 1225
2280 582
2281 833
2282 1243
2283 2012
2284 2035
2285 1864
2286 784
2287 821
2288 1063
2289 976
2290 581
2291 1286
2292 1292
2293 1785
2294 2778
2295 2463
2296 2213
2297 2592
2298 2111
2299 760
2300 571
2301 1085
2302 1152
2303 341
2304 1503
2305 2655
2306 1840
2307 1677
2308 1803
2309 3079
2310 1499
2311 872
2312 2345
2313 1721
2314 2862
2315 2924
2316 2276
2317 2109
2318 1046
2319 1161
2320 489
2321 2738
2322 850
2323 462
2324 1034
2325 2607
2326 2094
2327 3097
2328 2630
2329 313
2330 65
2331 181
2332 723
2333 3143
2334 423
2335 351
2336 2868
2337 3024
2338 1128
2339 1260
2340 1670
2341 2576
2342 166
2343 798
2344 2673
2345 413
2346 2909
2347 1714
2348 1554
2349 2600
2350 520
2351 569
2352 1877
2353 523
2354 1830
2355 657
2356 1098
2357 2216
2358 16
2359 732
2360 2203
2361 900
2362 669
2363 1899
2364 1445
2365 1737
2366 2771
2367 1876
2368 1221
2369 128
2370 643
2371 1037
2372 155
2373 281
2374 555
2375 2474
2376 406
2377 1080
2378 2634
2379 2680
2380 613
2381 1825
2382 1659
2383 1030
2384 933
2385 2267
2386 2674
2387 2746
2388 2604
2389 3068
2390 799
2391 2637
2392 2873
2393 2625
2394 843
2395 1027
2396 2164
2397 2640
2398 2949
2399 1654
2400 867
2401 1887
2402 130
2403 2063
2404 339
2405 2619
2406 2654
2407 2320
2408 239
2409 1854
2410 1010
2411 183
2412 1265
2413 2184
2414 3028
2415 1567
2416 1149
2417 1702
2418 2513
2419 557
2420 2194
2421 2717
2422 1886
2423 2832
2424 1577
2425 2250
2426 3014
2427 1318
2428 1496
2429 388
2430 1665
2431 213
2432 2792
2433 1589
2434 2623
2435 1598
2436 1678
2437 1309
2438 185
2439 486
2440 2843
2441 1926
2442 98
2443 2419
2444 1168
2445 1515
2446 398
2447 2749
2448 928
2449 2247
2450 728
2451 411
2452 1851
2453 2314
2454 1754
2455 308
2456 1239
2457 592
2458 1804
2459 1470
2460 2834
2461 1924
2462 204
2463 1320
2464 241
2465 1600
2466 2978
2467 1741
2468 1439
2469 251
2470 1549
2471 2628
2472 500
2473 340
2474 267
2475 1281
2476 470
2477 3103
2478 2531
2479 740
2480 29
2481 1047
2482 1973
2483 79
2484 633
2485 1359
2486 1591
2487 2698
2488 1485
2489 1336
2490 1049
2491 1197
2492 847
2493 25
2494 443
2495 1360
2496 1048
2497 416
2498 1514
2499 1095
2500 1468
2501 3070
2502 2484
2503 2536
2504 1717
2505 2065
2506 2840
2507 2483
2508 148
2509 3088
2510 2191
2511 3017
2512 2333
2513 1946
2514 295
2515 2520
2516 1334
2517 2903
2518 1508
2519 2648
2520 1735
2521 1220
2522 1148
2523 2475
2524 2438
2525 2512
2526 116
2527 2841
2528 402
2529 1758
2530 321
2531 53
2532 1000
2533 143
2534 1712
2535 3057
2536 587
2537 278
2538 1204
2539 1105
2540 2019
2541 884
2542 467
2543 2652
2544 2595
2545 1100
2546 1269
2547 1012
2548 754
2549 165
2550 2983
2551 1566
2552 2774
2553 153
2554 2882
2555 1793
2556 1006
2557 2283
2558 2232
2559 2353
2560 898
2561 1959
2562 3102
2563 2131
2564 1621
2565 161
2566 254
2567 1140
2568 2776
2569 2974
2570 2931
2571 849
2572 513
2573 1121
2574 457
2575 986
2576 1171
2577 2626
2578 503
2579 48
2580 199
2581 3105
2582 989
2583 2960
2584 3122
2585 752
2586 1415
2587 2308
2588 3045
2589 1042
2590 1823
2591 2468
2592 2653
2593 1179
2594 3035
2595 1669
2596 190
2597 2447
2598 2784
2599 1888
2600 1755
2601 2537
2602 62
2603 765
2604 2580
2605 1147
2606 1212
2607 2916
2608 2672
2609 1191
2610 2365
2611 1863
2612 1342
2613 1387
2614 939
2615 1797
2616 325
2617 966
2618 1414
2619 1069
2620 549
2621 414
2622 179
2623 2921
2624 695
2625 995
2626 2799
2627 168
2628 1681
2629 2878
2630 1199
2631 2001
2632 2795
2633 2098
2634 1992
2635 2966
2636 1475
2637 810
2638 1005
2639 2430
2640 3002
2641 1346
2642 848
2643 2332
2644 2590
2645 1958
2646 1743
2647 2090
2648 1972
2649 2567
2650 1674
2651 2566
2652 2886
2653 2258
2654 538
2655 1538
2656 2939
2657 1502
2658 260
2659 1139
2660 914
2661 1622
2662 878
2663 671
2664 1214
2665 284
2666 2132
2667 2959
2668 207
2669 363
2670 889
2671 906
2672 1997
2673 309
2674 1413
2675 205
2676 2885
2677 394
2678 1434
2679 1808
2680 870
2681 2521
2682 791
2683 1673
2684 2971
2685 2268
2686 1747
2687 1684
2688 786
2689 2238
2690 1108
2691 1685
2692 689
2693 2366
2694 2827
2695 2444
2696 1779
2697 220
2698 1905
2699 1165
2700 1949
2701 1271
2702 1966
2703 1182
2704 2968
2705 1023
2706 1988
2707 2861
2708 2849
2709 1453
2710 912
2711 739
2712 1555
2713 2386
2714 1203
2715 846
2716 2597
2717 1802
2718 2278
2719 2010
2720 1206
2721 1275
2722 1385
2723 2616
2724 2134
2725 717
2726 1055
2727 1846
2728 2037
2729 1472
2730 2119
2731 1397
2732 231
2733 561
2734 2058
2735 1348
2736 1056
2737 67
2738 136
2739 876
2740 2220
2741 401
2742 2254
2743 135
2744 787
2745 879
2746 2525
2747 1432
2748 421
2749 823
2750 2382
2751 1408
2752 1679
2753 2859
2754 2028
2755 512
2756 2801
2757 83
2758 2321
2759 441
2760 1547
2761 2552
2762 1653
2763 1193
2764 397
2765 222
2766 610
2767 2732
2768 2842
2769 1358
2770 1734
2771 2282
2772 1285
2773 2476
2774 2810
2775 2948
2776 1724
2777 1764
2778 1227
2779 2715
2780 2047
2781 2777
2782 1405
2783 1188
2784 589
2785 566
2786 2779
2787 180
2788 2681
2789 2908
2790 442
2791 2913
2792 576
2793 2620
2794 3010
2795 3023
2796 2798
2797 617
2798 2277
2799 2702
2800 3150
2801 2413
2802 1506
2803 1355
2804 2914
2805 1386
2806 1849
2807 1256
2808 536
2809 1856
2810 2152
2811 1079
2812 1629
2813 2331
2814 2678
2815 980
2816 782
2817 1890
2818 920
2819 3071
2820 597
2821 2880
2822 668
2823 2435
2824 1889
2825 2255
2826 968
2827 1440
2828 802
2829 123
2830 1126
2831 1986
2832 2361
2833 532
2834 887
2835 2221
2836 1520
2837 2800
2838 1321
2839 839
2840 854
2841 429
2842 1184
2843 1051
2844 1909
2845 835
2846 3016
2847 27
2848 1498
2849 2812
2850 1452
2851 2535
2852 498
2853 1054
2854 2602
2855 894
2856 1882
2857 2287
2858 655
2859 1488
2860 1530
2861 2854
2862 1585
2863 605
2864 2253
2865 236
2866 2501
2867 2809
2868 1172
2869 1362
2870 761
2871 1668
2872 2298
2873 1551
2874 2434
2875 3073
2876 2319
2877 38
2878 1131
2879 294
2880 2104
2881 483
2882 192
2883 2618
2884 2742
2885 1459
2886 922
2887 2617
2888 2261
2889 2755
2890 2893
2891 1293
2892 1917
2893 770
2894 1394
2895 2066
2896 2925
2897 2575
2898 2103
2899 3117
2900 1234
2901 345
2902 349
2903 2638
2904 1153
2905 1449
2906 508
2907 1866
2908 2169
2909 1976
2910 358
2911 2116
2912 1871
2913 2826
2914 221
2915 34
2916 982
2917 1950
2918 3100
2919 1004
2920 2015
2921 1963
2922 2089
2923 304
2924 704
2925 1222
2926 1339
2927 1987
2928 1885
2929 930
2930 1524
2931 2479
2932 2356
2933 1474
2934 616
2935 2896
2936 2364
2937 2666
2938 1180
2939 332
2940 1383
2941 1574
2942 598
2943 2632
2944 2594
2945 2835
2946 1050
2947 1936
2948 2154
2949 1238
2950 2697
2951 1816
2952 2665
2953 902
2954 2235
2955 2068
2956 2009
2957 1941
2958 3039
2959 1891
2960 1763
2961 259
2962 145
2963 2562
2964 2038
2965 1571
2966 3033
2967 844
2968 2613
2969 3128
2970 510
2971 2874
2972 1787
2973 2556
2974 688
2975 502
2976 3082
2977 2185
2978 1806
2979 1929
2980 2204
2981 1550
2982 2150
2983 1295
2984 3019
2985 1824
2986 2057
2987 2373
2988 932
2989 2899
2990 3000
2991 1240
2992 1494
2993 1767
2994 1705
2995 533
2996 39
2997 624
2998 2979
2999 2412
3000 1014
3001 2802
3002 1971
3003 3129
3004 201
3005 2013
3006 3047
3007 177
3008 825
3009 2679
3010 311
3011 1211
3012 1553
3013 947
3014 319
3015 1582
3016 2014
3017 1279
3018 1118
3019 1177
3020 293
3021 1639
3022 2225
3023 3108
3024 269
3025 1865
3026 703
3027 2451
3028 387
3029 1276
3030 2952
3031 396
3032 1692
3033 3142
3034 2923
3035 1837
3036 865
3037 3007
3038 790
3039 1241
3040 2660
3041 2671
3042 1228
3043 425
3044 731
3045 286
3046 1155
3047 2887
3048 880
3049 580
3050 2624
3051 529
3052 941
3053 795
3054 2561
3055 3095
3056 2064
3057 2584
3058 2713
3059 182
3060 102
3061 287
3062 427
3063 2
3064 1486
3065 1059
3066 2291
3067 465
3068 2764
3069 1123
3070 1311
3071 494
3072 2833
3073 1376
3074 2217
3075 1035
3076 2622
3077 1251
3078 570
3079 776
3080 2338
3081 1954
3082 1332
3083 2032
3084 2944
3085 1447
3086 2227
3087 2460
3088 1312
3089 1224
3090 232
3091 2504
3092 910
3093 158
3094 383
3095 917
3096 708
3097 366
3098 1001
3099 2538
3100 2489
3101 1247
3102 1497
3103 2273
3104 735
3105 3144
3106 1817
3107 984
3108 1229
3109 320
3110 263
3111 842
3112 1399
3113 272
3114 1552
3115 59
3116 3084
3117 121
3118 2020
3119 2485
3120 2605
3121 1769
3122 1974
3123 3091
3124 1989
3125 2644
3126 1195
3127 1416
3128 3116
3129 2088
3130 444
3131 1242
3132 18
3133 635
3134 622
3135 2988
3136 2935
3137 1746
3138 3092
3139 74
3140 2472
3141 124
3142 1208
3143 952
3144 537
3145 63
3146 2396
3147 1457
3148 1632
3149 1450
3150 2005
3151 2745
3152 1624
3153 998
