1 969
2 35
3 2839
4 21
8 944
11 2981
12 2505
13 2145
15 3038
16 1704
18 1433
19 2583
20 1094
22 2911
23 1019
24 268
25 1539
26 1361
30 285
31 1784
32 840
34 2326
36 2352
37 591
38 1948
40 415
41 1643
42 814
45 2547
47 715
48 1682
49 2588
51 1532
54 1543
55 1910
56 2041
58 1625
59 2503
62 907
63 1384
64 43
70 2039
72 2933
73 437
74 1298
75 918
80 2388
83 1133
84 2877
85 2409
86 2329
88 2689
89 1723
90 2526
91 519
92 1373
93 1564
94 1525
97 862
98 3114
100 2337
104 911
105 3059
106 1709
108 926
111 2920
121 488
123 3051
124 3090
125 454
126 683
129 56
130 905
131 1994
133 446
134 393
136 1491
139 2927
140 1426
141 1363
143 1818
147 2572
149 453
150 160
152 212
153 2502
154 1124
155 1396
157 1980
158 822
161 2825
162 1892
164 2231
165 619
166 228
173 2692
174 1481
176 1595
177 1541
178 3141
179 1009
180 777
186 1425
187 3119
189 1424
193 362
196 2579
197 2437
199 852
201 1512
203 3098
204 2362
205 2768
211 2059
212 956
213 2274
214 2200
219 157
222 2464
223 1020
227 2375
229 2334
235 1796
236 81
241 1296
242 2528
243 2788
245 755
247 577
254 1101
255 330
256 2342
257 2196
259 409
263 807
264 106
265 942
267 1291
270 240
271 2313
272 1902
273 3066
274 2123
275 1026
277 564
279 748
280 412
284 2229
285 3042
288 737
289 2021
292 1367
293 2470
295 609
296 2836
297 640
298 1534
300 2958
301 2495
303 2601
304 2871
305 945
306 2084
307 1273
309 382
310 885
312 431
315 2845
322 8
323 2351
324 1176
326 1136
331 1916
333 2524
335 727
336 2751
340 612
341 356
342 2141
343 2515
345 2086
346 548
351 2725
352 2691
353 76
355 2336
356 2189
358 2399
362 1879
364 2025
368 1246
369 2246
370 2262
372 3053
374 666
377 2424
378 173
380 328
382 2785
386 2398
388 70
393 1558
394 1398
395 676
396 2627
398 2904
399 3147
400 1904
403 170
404 2299
409 1867
410 1782
411 2716
415 357
416 919
418 602
419 3052
421 1607
423 2397
425 2117
426 1389
428 2805
431 1742
434 2202
435 560
436 2989
439 1478
440 1213
447 2188
448 2752
449 1814
454 2593
455 2414
457 992
459 827
462 1388
463 861
464 1918
467 2294
468 1274
469 2073
472 360
478 2493
479 2796
483 829
487 813
488 208
489 977
491 775
494 149
498 3149
500 2024
501 974
502 1257
504 588
506 2000
507 1350
509 264
510 315
511 1209
513 2956
516 721
518 1606
520 2937
521 378
526 82
531 1931
533 2570
534 891
536 2379
537 819
539 75
540 1544
543 1932
545 1092
546 3115
548 2315
549 1501
551 1086
552 1765
555 225
556 61
557 1956
558 2105
559 981
560 1962
562 1192
563 214
564 2951
567 1181
569 233
572 637
573 2659
578 2876
579 1194
581 2970
583 2499
586 3021
589 665
591 2251
592 1900
594 1428
596 2560
597 834
598 2867
599 1998
600 2307
602 2139
603 1662
605 2822
606 1628
612 55
613 2496
614 1115
615 638
617 337
619 1872
623 475
624 2118
628 277
629 1680
630 614
631 1068
632 2347
636 1119
639 1878
640 2662
642 2070
643 131
644 2428
646 2728
649 937
653 1807
654 2611
656 2612
660 495
663 511
664 2003
669 964
670 2016
678 2704
679 1537
680 1605
681 2965
682 1513
683 3080
684 1469
685 1944
686 2815
688 2573
690 235
691 1057
692 23
693 2938
696 1347
698 2192
700 1326
702 1969
704 1116
705 632
706 1861
707 1464
711 3054
712 1722
715 3089
718 1812
719 2847
726 572
728 1518
729 54
730 1164
731 1739
732 2518
733 661
738 1132
741 107
742 283
743 1699
745 1908
746 606
749 2197
750 3006
755 692
757 72
758 2022
760 2760
765 2703
767 2281
768 1614
769 174
770 1875
771 1934
772 2323
774 543
777 1330
780 1441
781 1437
782 1103
787 2789
789 607
793 641
795 2384
801 1166
803 87
805 1748
806 1317
807 119
809 1835
812 1776
813 1144
817 2060
818 1465
820 1783
822 377
825 137
826 2930
827 1283
830 142
831 1798
832 1711
834 2391
835 1790
836 2846
837 2180
838 1427
839 2418
840 2865
843 184
844 1455
845 2661
847 244
848 1178
849 1715
850 2126
851 1160
852 2555
854 3151
855 859
857 1451
861 217
862 1942
865 359
867 531
868 2335
871 126
872 1484
873 1938
875 714
876 1903
877 2761
878 1642
879 2962
884 1930
885 3138
886 380
888 2973
889 853
890 1556
892 1058
893 3093
896 1810
900 2830
902 1422
904 2257
905 913
906 544
907 289
910 971
914 2838
917 764
920 1648
921 660
922 705
924 1695
928 1542
931 2079
932 2710
936 2120
937 2881
938 3124
939 3094
940 967
944 1821
947 1395
949 1377
952 1688
953 3118
954 2857
955 3112
960 344
962 1912
964 1965
966 1597
967 1327
968 2348
969 2737
970 2669
971 439
974 482
975 194
976 2806
978 2781
979 2095
984 471
985 1077
987 2918
990 2295
991 2075
992 1778
993 1618
995 2740
997 3136
998 2044
999 1729
1001 650
1009 2376
1010 749
1011 64
1012 1968
1015 2071
1016 2181
1019 1760
1021 452
1029 258
1032 1855
1034 2137
1035 299
1037 2304
1038 3074
1041 1896
1043 1780
1047 2290
1049 379
1053 127
1055 2453
1057 353
1060 736
1061 1617
1062 189
1063 1471
1066 2683
1067 820
1069 0
1070 2147
1072 2481
1073 670
1074 3078
1075 389
1076 2263
1078 2629
1080 1127
1082 1725
1084 1062
1088 2222
1091 355
1095 1578
1097 2667
1099 808
1100 2813
1101 1672
1104 1022
1105 1873
1106 400
1110 1029
1116 49
1119 3036
1120 3005
1121 720
1122 291
1123 2301
1126 2417
1131 238
1134 1280
1138 1202
1139 1189
1141 2358
1145 2945
1147 2733
1148 2266
1154 422
1157 690
1158 2928
1161 1061
1164 1829
1165 1957
1167 1040
1168 2940
1169 2863
1170 318
1171 757
1173 151
1174 2359
1178 1110
1180 2517
1181 2516
1182 1419
1186 376
1187 473
1189 2897
1191 6
1192 1489
1197 115
1198 2690
1207 3113
1209 646
1210 3032
1211 1701
1212 1219
1216 2912
1217 2478
1219 803
1220 111
1223 2967
1224 525
1226 3009
1228 1781
1229 372
1232 2199
1233 1205
1234 2240
1235 350
1236 2559
1238 869
1241 1770
1243 2142
1246 1423
1247 1263
1248 886
1249 474
1251 694
1252 3145
1253 779
1258 1620
1260 585
1263 3022
1267 1294
1269 2456
1271 636
1272 280
1274 46
1278 858
1280 781
1281 960
1282 2259
1284 958
1286 1794
1288 2004
1291 384
1294 2541
1295 1850
1296 216
1298 3013
1301 2610
1304 58
1305 1978
1306 2244
1308 33
1314 12
1316 1845
1317 615
1318 202
1319 1074
1320 1210
1321 1960
1324 2926
1329 1640
1330 1979
1333 371
1335 2545
1336 314
1337 1881
1338 2078
1340 1985
1341 178
1342 563
1343 2507
1344 2162
1346 3120
1348 1647
1349 1170
1350 1122
1352 365
1353 2043
1358 706
1360 141
1362 88
1367 2264
1368 1430
1373 2687
1374 3121
1376 991
1377 2407
1378 3001
1379 86
1380 1738
1382 1162
1384 3133
1386 652
1387 197
1388 2712
1389 774
1390 2440
1392 1594
1394 804
1396 1862
1397 246
1401 1301
1404 667
1405 2869
1408 1736
1409 750
1416 1545
1417 1418
1419 2599
1423 2081
1425 1548
1427 1569
1430 691
1436 1523
1437 698
1439 51
1440 463
1441 2848
1443 763
1444 2402
1445 545
1446 2106
1447 1658
1451 1044
1453 2087
1454 188
1459 1207
1460 505
1461 1090
1462 2641
1463 3126
1464 2866
1465 2996
1466 724
1468 2285
1469 888
1471 2670
1472 1052
1473 2891
1474 1991
1477 1691
1478 2817
1480 1490
1486 815
1487 2582
1488 1446
1489 1403
1490 955
1493 31
1494 1467
1496 904
1501 499
1505 2554
1511 2990
1512 1244
1513 1999
1514 841
1515 530
1516 2403
1525 985
1526 1417
1529 2829
1532 768
1539 1129
1540 2650
1541 1096
1542 451
1545 1703
1549 2523
1551 1159
1552 2395
1553 1381
1554 1827
1555 1833
1557 2441
1558 2707
1564 134
1565 2993
1566 893
1567 2236
1568 999
1569 551
1570 590
1571 1588
1573 593
1576 983
1578 2393
1579 1995
1580 2676
1581 329
1584 3139
1585 2023
1587 747
1588 2890
1589 882
1595 455
1597 1961
1598 599
1600 2296
1603 1463
1605 198
1606 419
1607 261
1609 114
1611 1870
1613 702
1614 265
1617 1641
1618 2343
1622 924
1627 2300
1628 1458
1634 2448
1636 3030
1641 2557
1643 2529
1647 2198
1649 1021
1651 255
1652 535
1653 2143
1655 1955
1656 1267
1657 836
1659 2017
1661 2383
1662 485
1663 1084
1668 2284
1672 2756
1673 1984
1674 1476
1676 2765
1677 2936
1678 430
1679 1349
1680 1041
1681 37
1683 1008
1684 2011
1685 1391
1686 2455
1689 943
1690 2233
1692 1656
1694 504
1697 323
1698 1511
1699 2534
1702 2400
1703 100
1707 1928
1708 997
1709 1375
1710 2808
1711 796
1712 481
1713 1335
1714 2195
1715 2083
1716 392
1727 410
1729 2753
1730 1913
1732 484
1734 1454
1735 653
1737 546
1739 2080
1741 3056
1743 2585
1744 2115
1745 3008
1746 338
1747 266
1748 831
1749 961
1750 2917
1754 45
1758 1374
1760 69
1762 2085
1763 2500
1764 1586
1766 1169
1768 108
1769 1262
1770 874
1771 1945
1775 2929
1776 1174
1784 487
1787 1805
1789 1940
1791 2174
1793 1300
1794 424
1796 2215
1798 658
1800 895
1804 1407
1806 1536
1812 30
1814 2420
1815 2807
1817 2695
1818 2429
1819 1253
1820 2775
1821 2421
1822 578
1823 2888
1824 1952
1827 2568
1832 2327
1834 1726
1837 3018
1841 586
1843 105
1844 2668
1845 84
1847 2879
1848 1584
1849 1233
1851 722
1852 2052
1853 171
1854 3099
1855 1043
1856 1017
1859 2844
1860 2837
1861 1884
1862 716
1864 1800
1866 2457
1867 2124
1869 916
1871 2744
1872 440
1873 2642
1875 2571
1883 3034
1888 725
1891 2804
1893 1687
1894 583
1895 2040
1897 2007
1898 195
1900 1730
1901 3044
1902 140
1903 2206
1904 247
1906 2791
1907 1708
1911 1400
1912 2508
1917 122
1919 925
1920 693
1921 3146
1924 553
1927 2506
1929 1185
1932 1493
1935 2606
1937 3004
1939 2782
1941 1675
1942 1078
1946 2639
1951 456
1953 2151
1957 20
1961 1579
1967 2646
1968 290
1969 1038
1970 2906
1972 565
1974 1200
1975 2439
1977 226
1978 988
1979 2130
1980 1700
1985 2514
1988 227
1990 711
1991 1645
1993 1261
1994 1329
1996 1429
1997 1248
1998 118
1999 2288
2000 1186
2003 1314
2006 1438
2007 1634
2012 2972
2013 32
2018 1255
2019 491
2021 793
2022 552
2023 1517
2025 274
2026 558
2027 2950
2030 1284
2031 348
2032 2201
2033 1557
2036 164
2037 152
2040 1604
2041 2101
2045 542
2046 2883
2047 1911
2048 2902
2049 385
2050 1297
2056 515
2057 1341
2058 1531
2060 364
2062 1282
2066 2121
2067 745
2068 1953
2069 978
2070 2160
2072 458
2073 1053
2075 1993
2077 2167
2078 788
2083 2190
2084 2069
2085 2404
2086 772
2088 1033
2089 1249
2090 1135
2091 673
2092 2280
2097 897
2099 527
2100 2157
2101 2539
2105 132
2108 1516
2109 3060
2112 975
2114 1761
2115 2051
2116 2770
2118 1759
2123 677
2124 2269
2128 908
2129 2125
2130 604
2131 1630
2134 3011
2136 2096
2137 2102
2138 1982
2139 767
2140 935
2141 1479
2144 2431
2145 559
2148 1190
2149 2242
2151 144
2153 433
2156 2325
2157 629
2158 1106
2160 645
2164 1664
2165 1799
2166 331
2167 466
2168 3111
2169 909
2170 2378
2175 1443
2176 1983
2179 3125
2181 2721
2182 1728
2183 1843
2186 2532
2187 892
2193 1319
2196 3062
2197 575
2198 2955
2201 375
2202 2663
2203 2821
2206 2811
2207 2741
2208 2076
2209 2473
2214 1766
2215 1920
2216 2234
2217 2855
2221 2433
2222 1731
2225 2443
2228 381
2229 2739
2230 778
2232 211
2234 1811
2236 2615
2237 1661
2239 1154
2240 2498
2244 312
2246 2018
2251 1901
2252 1337
2253 1842
2254 1378
2256 2991
2257 2550
2264 2330
2265 2477
2269 2621
2271 855
2272 1749
2274 2030
2275 2946
2277 1146
2280 582
2281 833
2282 1243
2283 2012
2285 1864
2287 821
2288 1063
2289 976
2291 1286
2297 2592
2300 571
2301 1085
2302 1152
2303 341
2304 1503
2305 2655
2307 1677
2311 872
2316 2276
2317 2109
2318 1046
2319 1161
2320 489
2322 850
2324 1034
2327 3097
2329 313
2330 65
2331 181
2336 2868
2337 3024
2339 1260
2347 1714
2350 520
2351 569
2353 523
2356 1098
2359 732
2360 2203
2363 1899
2364 1445
2365 1737
2367 1876
2368 1221
2370 643
2371 1037
2373 281
2374 555
2376 406
2377 1080
2378 2634
2379 2680
2382 1659
2384 933
2385 2267
2386 2674
2387 2746
2389 3068
2393 2625
2397 2640
2398 2949
2399 1654
2401 1887
2403 2063
2405 2619
2410 1010
2411 183
2412 1265
2416 1149
2417 1702
2418 2513
2420 2194
2425 2250
2429 388
2430 1665
2431 213
2432 2792
2434 2623
2438 185
2439 486
2441 1926
2442 98
2443 2419
2444 1168
2445 1515
2446 398
2447 2749
2450 728
2454 1754
2456 1239
2458 1804
2459 1470
2461 1924
2462 204
2463 1320
2464 241
2465 1600
2467 1741
2470 1549
2475 1281
2478 2531
2479 740
2481 1047
2482 1973
2483 79
2485 1359
2488 1485
2490 1049
2494 443
2495 1360
2496 1048
2497 416
2498 1514
2502 2484
2503 2536
2506 2840
2510 2191
2514 295
2516 1334
2521 1220
2522 1148
2523 2475
2524 2438
2525 2512
2528 402
2529 1758
2531 53
2534 1712
2535 3057
2537 278
2539 1105
2543 2652
2551 1566
2552 2774
2554 2882
2557 2283
2558 2232
2561 1959
2562 3102
2565 161
2566 254
2567 1140
2568 2776
2572 513
2577 2626
2578 503
2580 199
2588 3045
2591 2468
2592 2653
2595 1669
2596 190
2597 2447
2599 1888
2600 1755
2602 62
2604 2580
2605 1147
2609 1191
2610 2365
2612 1342
2613 1387
2615 1797
2616 325
2618 1414
2620 549
2621 414
2623 2921
2625 995
2628 1681
2629 2878
2633 2098
2634 1992
2636 1475
2637 810
2638 1005
2639 2430
2640 3002
2642 848
2645 1958
2648 1972
2651 2566
2652 2886
2654 538
2655 1538
2657 1502
2659 1139
2660 914
2662 878
2663 671
2665 284
2667 2959
2669 363
2671 906
2673 309
2674 1413
2675 205
2677 394
2678 1434
2679 1808
2680 870
2681 2521
2683 1673
2684 2971
2685 2268
2686 1747
2688 786
2691 1685
2692 689
2696 1779
2699 1165
2706 1988
2707 2861
2709 1453
2711 739
2712 1555
2715 846
2716 2597
2718 2278
2719 2010
2720 1206
2722 1385
2723 2616
2724 2134
2725 717
2727 1846
2728 2037
2733 561
2736 1056
2737 67
2738 136
2740 2220
2746 2525
2747 1432
2748 421
2752 1679
2753 2859
2755 512
2756 2801
2757 83
2763 1193
2769 1358
2770 1734
2771 2282
2773 2476
2774 2810
2775 2948
2777 1764
2780 2047
2785 566
2787 180
2790 442
2791 2913
2794 3010
2795 3023
2796 2798
2798 2277
2800 3150
2802 1506
2803 1355
2805 1386
2807 1256
2809 1856
2810 2152
2813 2331
2815 980
2816 782
2818 920
2819 3071
2820 597
2821 2880
2823 2435
2824 1889
2825 2255
2826 968
2827 1440
2828 802
2829 123
2833 532
2834 887
2839 839
2840 854
2842 1184
2843 1051
2846 3016
2850 1452
2851 2535
2852 498
2854 2602
2855 894
2858 655
2861 2854
2868 1172
2871 1668
2875 3073
2876 2319
2877 38
2887 2617
2888 2261
2889 2755
2890 2893
2892 1917
2896 2925
2898 2103
2900 1234
2902 349
2906 508
2909 1976
2912 1871
2913 2826
2920 2015
2921 1963
2922 2089
2923 304
2924 704
2927 1987
2931 2479
2932 2356
2933 1474
2934 616
2936 2364
2938 1180
2939 332
2940 1383
2941 1574
2943 2632
2945 2835
2946 1050
2947 1936
2950 2697
2951 1816
2952 2665
2956 2009
2958 3039
2959 1891
2963 2562
2964 2038
2967 844
2969 3128
2970 510
2972 1787
2973 2556
2974 688
2975 502
2979 1929
2982 2150
2984 3019
2986 2057
2988 932
2991 1240
2992 1494
3000 1014
3001 2802
3008 825
3011 1211
3013 947
3014 319
3015 1582
3020 293
3021 1639
3023 3108
3024 269
3028 387
3030 2952
3032 1692
3035 1837
3036 865
3037 3007
3040 2660
3042 1228
3043 425
3044 731
3045 286
3047 2887
3048 880
3053 795
3055 3095
3058 2713
3061 287
3062 427
3063 2
3064 1486
3067 465
3068 2764
3069 1123
3071 494
3072 2833
3076 2622
3080 2338
3086 2227
3087 2460
3089 1224
3090 232
3091 2504
3093 158
3095 917
3097 366
3099 2538
3101 1247
3103 2273
3108 1229
3109 320
3112 1399
3113 272
3114 1552
3118 2020
3120 2605
3121 1769
3122 1974
3123 3091
3125 2644
3128 3116
3129 2088
3131 1242
3132 18
3133 635
3134 622
3135 2988
3138 3092
3140 2472
3141 124
3142 1208
3144 537
3146 2396
3147 1457
3148 1632
3149 1450
3151 2745
3152 1624
