2049 385
2050 1297
1 969
8 944
11 2981
2 35
15 3038
16 1704
2067 745
2068 1953
22 2911
345 2086
24 268
2073 1053
2075 1993
2077 2167
30 285
688 2573
34 2326
2084 2069
37 591
2086 772
40 415
41 1643
2090 1135
2091 673
45 2547
48 1682
2056 515
51 1532
2100 2157
2101 2539
55 1910
56 2041
2740 2220
2108 1516
2109 3060
2114 1761
2116 2770
72 2933
73 437
75 918
1378 3001
2128 908
2129 2125
2130 604
85 2409
86 2329
88 2689
2139 767
92 1373
2746 2525
97 862
98 3114
2148 1190
2149 2242
104 911
105 3059
108 926
2157 629
2158 1106
111 2920
2160 645
2164 1664
2168 3111
2169 909
123 3051
126 683
2176 1983
704 1116
130 905
2182 1728
136 1491
139 2927
143 1818
2072 458
2755 512
2196 3062
2197 575
150 160
1049 379
152 212
2201 375
155 1396
157 1980
2206 2811
2207 2741
161 2825
164 2231
165 619
166 228
369 2246
2216 2234
2217 2855
2418 2513
174 1481
176 1595
177 1541
178 3141
179 1009
180 777
2078 788
2230 778
2461 1924
372 3053
186 1425
187 3119
2236 2615
189 1424
2240 2498
2763 1193
2244 312
2246 2018
199 852
2251 1901
205 2768
2256 2991
2257 2550
211 2059
212 956
2425 2250
2264 2330
2265 2477
222 2464
223 1020
2274 2030
2275 2946
2277 1146
2280 582
2281 833
2283 2012
236 81
2287 821
2288 1063
241 1296
242 2528
247 577
2297 2592
2300 571
42 814
255 330
2304 1503
257 2196
2307 1677
264 106
265 942
267 1291
2317 2109
2318 1046
2319 1161
272 1902
2322 850
275 1026
2324 1034
277 564
729 54
2329 313
2330 65
2331 181
285 3042
2825 2255
2336 2868
292 1367
49 2588
297 640
298 1534
301 2495
2350 520
304 2871
306 2084
307 1273
2356 1098
309 382
310 885
2359 732
2360 2203
2363 1899
2364 1445
2367 1876
2368 1221
324 1176
2376 406
2444 1168
2378 2634
2379 2680
333 2524
2382 1659
2384 933
3128 3116
2387 2746
2389 3068
342 2141
2393 2625
346 548
399 3147
2397 2640
2399 1654
2401 1887
355 2336
2405 2619
358 2399
362 1879
2411 183
364 2025
368 1246
2417 1702
370 2262
2420 2194
377 2424
380 328
2430 1665
2431 213
2432 2792
386 2398
1771 1945
388 70
2439 486
2442 98
2443 2419
396 2627
2446 398
2447 2749
400 1904
2450 728
404 2299
409 1867
2458 1804
2459 1470
410 1782
2463 1320
416 919
2465 1600
418 602
411 2716
421 1607
2470 1549
425 2117
2475 1281
428 2805
2478 2531
2479 740
2481 1047
2482 1973
2483 79
436 2989
439 1478
2488 1485
2490 1049
415 357
2495 1360
448 2752
2497 416
2498 1514
1099 808
454 2593
2503 2536
3152 1624
3148 1632
2506 2840
459 827
2510 2191
1101 1672
2514 295
2467 1741
468 1274
2521 1220
2522 1148
2524 2438
2525 2512
478 2493
479 2796
2528 402
2529 1758
2531 53
487 813
2537 278
2539 1105
494 149
2543 2652
498 3149
500 2024
501 974
2552 2774
506 2000
507 1350
509 264
2558 2232
511 1209
513 2956
2562 3102
516 721
2566 254
520 2937
770 1875
526 82
2577 2626
531 1931
533 2570
534 891
537 819
431 1742
2588 3045
543 1932
546 3115
548 2315
549 1501
2599 1888
2602 62
2604 2580
2605 1147
558 2105
559 981
2609 1191
2610 2365
564 2951
2615 1797
2616 325
2620 549
578 2876
579 1194
2628 1681
2629 2878
583 2499
2633 2098
2634 1992
2636 1475
589 665
2829 123
592 1900
440 1213
596 2560
598 2867
599 1998
2648 1972
602 2139
2651 2566
2652 2886
2655 1538
2657 1502
2659 1139
613 2496
2662 878
2663 671
2665 284
2669 363
623 475
624 2118
2674 1413
2675 205
629 1680
2678 1434
631 1068
632 2347
2681 2521
447 2188
2684 2971
2685 2268
639 1878
2496 1048
642 2070
2691 1685
2692 689
646 2728
2696 1779
2699 1165
653 1807
654 2611
2706 1988
660 495
2711 739
664 2003
2716 2597
669 964
2718 2278
295 609
2722 1385
2723 2616
2725 717
2727 1846
680 1605
681 2965
682 1513
455 2414
686 2815
2736 1056
690 235
692 23
696 1347
698 2192
2747 1432
700 1326
2752 1679
2753 2859
706 1861
707 1464
2757 83
711 3054
712 1722
715 3089
718 1812
719 2847
2769 1358
2773 2476
726 572
2777 1764
730 1164
2785 566
741 107
742 283
743 1699
745 1908
746 606
2795 3023
2796 2798
2798 2277
434 2202
2800 3150
2803 1355
757 72
2807 1256
760 2760
2809 1856
765 2703
767 2281
2818 920
2819 3071
2820 597
2821 2880
774 543
2823 2435
2824 1889
777 1330
2826 968
780 1441
781 1437
782 1103
2861 2854
2834 887
787 2789
793 641
795 2384
2846 3016
801 1166
2850 1452
2851 2535
2852 498
805 1748
2854 2602
2855 894
809 1835
2858 655
812 1776
813 1144
2871 1668
826 2930
2875 3073
2876 2319
2877 38
831 1798
832 1711
834 2391
835 1790
837 2180
838 1427
2887 2617
840 2865
2890 2893
843 184
2892 1917
847 244
848 1178
849 1715
2898 2103
851 1160
852 2555
854 3151
855 859
857 1451
2906 508
861 217
862 1942
2912 1871
2193 1319
2920 2015
873 1938
2535 3057
876 1903
878 1642
2931 2479
2932 2356
2934 616
888 2973
889 853
2939 332
2940 1383
2941 1574
2943 2632
896 1810
491 775
900 2830
2950 2697
2951 1816
2956 2009
910 971
2959 1891
914 2838
2963 2562
2964 2038
917 764
153 2502
2969 3128
924 1695
2975 502
928 1542
2979 1929
932 2710
2982 2150
2984 3019
937 2881
938 3124
939 3094
2988 932
2888 2261
947 1395
949 1377
3000 1014
953 3118
1873 2642
960 344
964 1965
3013 947
3015 1582
969 2737
970 2669
971 439
3020 293
3023 3108
976 2806
979 2095
3028 387
3030 2952
3032 1692
985 1077
987 2918
3036 865
2554 2882
990 2295
991 2075
3040 2660
993 1618
3042 1228
3043 425
3044 731
997 3136
999 1729
3048 880
1001 650
2215 1920
3053 795
1011 64
510 315
1015 2071
1016 2181
2900 1234
1019 1760
3069 1123
3071 494
1032 1855
1037 2304
3086 2227
3089 1224
3090 232
3091 2504
3093 158
1047 2290
3097 366
3101 1247
1055 2453
1057 353
1061 1617
1062 189
3112 1399
3113 272
3114 1552
1067 820
3103 2273
1069 0
1070 2147
3120 2605
1073 670
3122 1974
3123 3091
3125 2644
1078 2629
1080 1127
3129 2088
3131 1242
3132 18
3134 622
3135 2988
3138 3092
1091 355
3142 1208
1097 2667
3146 2396
3147 1457
1100 2813
3149 1450
1104 1022
1116 49
2234 1811
1119 3036
1120 3005
1121 720
1123 2301
1126 2417
871 126
1134 1280
1139 1189
1145 2945
38 1948
1148 2266
875 714
1158 2928
1161 1061
1165 1957
1170 318
1174 2359
2153 433
2085 2404
1186 376
1191 6
1198 2690
1209 646
1210 3032
1216 2912
1217 2478
1219 803
1223 2967
1226 3009
1228 1781
1232 2199
1234 2240
1236 2559
2596 190
1246 1423
2597 2447
1251 694
892 1058
1260 585
893 3093
1267 1294
1269 2456
1272 280
1274 46
2136 2096
1278 858
1280 781
1284 958
1286 1794
1288 2004
1294 2541
1296 216
2947 1936
2089 1249
1241 1770
1304 58
1305 1978
1306 2244
1308 33
1316 1845
902 1422
1319 1074
839 2418
562 1192
1329 1640
1330 1979
1335 2545
1336 314
2612 1342
2271 855
1340 1985
1341 178
1342 563
1343 2507
1344 2162
1346 3120
1348 1647
1349 1170
1352 365
567 1181
1360 141
1362 88
2958 3039
1368 1430
1373 2687
1374 3121
229 2334
2464 241
1380 1738
572 637
1386 652
1387 197
1388 2712
1389 774
1390 2440
1392 1594
1394 804
1401 1301
1404 667
1405 2869
1408 1736
1409 750
1416 1545
1417 1418
2967 844
1423 2081
1425 1548
1430 691
921 660
1263 3022
1440 463
1441 2848
1444 2402
1445 545
2972 1787
1451 1044
1453 2087
1454 188
1459 1207
1460 505
1461 1090
1462 2641
1463 3126
1464 2866
1465 2996
1468 2285
1472 1052
1473 2891
1474 1991
1477 1691
1480 1490
3118 2020
1487 2582
2896 2925
1489 1403
1490 955
1494 1467
1496 904
1505 2554
1511 2990
1512 1244
1515 530
1516 2403
2301 1085
936 2120
1525 985
1526 1417
2303 341
1539 1129
1540 2650
1541 1096
1542 451
2305 2655
940 967
1552 2395
1555 1833
1557 2441
1558 2707
1564 134
1567 2236
1569 551
1570 590
3121 1769
1576 983
1578 2393
1579 1995
1580 2676
1581 329
1584 3139
1585 2023
1588 2890
1589 882
1598 599
2099 527
1605 198
1607 261
1611 1870
1613 702
1614 265
952 1688
1618 2343
1622 924
3001 2802
271 2313
1636 3030
1643 2529
274 2123
2738 136
1651 255
1652 535
1653 2143
1656 1267
1657 836
1662 485
1663 1084
3008 825
1668 2284
1673 1984
1674 1476
279 748
1676 2765
1679 1349
1680 1041
1488 1446
1686 2455
1689 943
1690 2233
1647 2198
1697 323
1702 2400
1703 100
1708 997
1709 1375
1710 2808
1711 796
1712 481
807 119
3080 2338
1715 2083
398 2904
288 737
1730 1913
1732 484
1734 1454
1735 653
1737 546
1741 3056
1743 2585
1744 2115
2680 870
1748 831
1749 961
1750 2917
1754 45
3024 269
1762 2085
1763 2500
1766 1169
636 1119
2923 304
1775 2929
1776 1174
1784 487
1793 1300
1794 424
1796 2215
1798 658
1800 895
1804 1407
643 131
1812 30
1815 2807
1817 2695
1818 2429
1819 1253
1821 2421
1822 578
1823 2888
1824 1952
1827 2568
1832 2327
2516 1334
1837 3018
3037 3007
1844 2668
1847 2879
1849 1233
1854 3099
992 1778
1859 2844
1860 2837
2843 1051
1866 2457
1867 2124
1871 2744
2790 442
1337 1881
1883 3034
1888 725
315 2845
1893 1687
1894 583
1895 2040
1897 2007
1898 195
2023 1517
1903 2206
1906 2791
1911 1400
1917 122
1919 925
1927 2506
1929 1185
1932 1493
1937 3004
1939 2782
1942 1078
2031 348
1957 20
1961 1579
1967 2646
1968 290
1969 1038
1970 2906
670 2016
1977 226
1980 1700
134 393
1985 2514
3035 1837
1990 711
1993 1261
3063 2
1996 1429
1997 1248
1998 118
1999 2288
2000 1186
2006 1438
2007 1634
2012 2972
2013 32
336 2751
2018 1255
2022 552
2385 2267
2026 558
2030 1284
1021 452
2033 1557
2037 152
2040 1604
2041 2101
2045 542
2046 2883
