2049 385
2050 1297
1 969
8 944
11 2981
2 35
22 2911
24 268
2073 1053
2077 2167
30 285
2084 2069
37 591
2086 772
40 415
41 1643
2090 1135
45 2547
48 1682
2056 515
51 1532
2100 2157
2101 2539
55 1910
56 2041
2108 1516
2109 3060
72 2933
2128 908
2130 604
86 2329
88 2689
2139 767
92 1373
698 2192
2405 2619
97 862
98 3114
105 3059
2157 629
2158 1106
111 2920
2160 645
2164 1664
2168 3111
2169 909
2176 1983
130 905
2182 1728
143 1818
2072 458
1049 379
152 212
2201 375
155 1396
157 1980
2206 2811
2207 2741
161 2825
164 2231
165 619
166 228
369 2246
2216 2234
2217 2855
2418 2513
174 1481
176 1595
179 1009
180 777
2078 788
2230 778
186 1425
187 3119
2236 2615
189 1424
2240 2498
199 852
2257 2550
211 2059
212 956
2425 2250
2265 2477
222 2464
223 1020
2274 2030
2277 1146
2280 582
2283 2012
2287 821
241 1296
42 814
255 330
257 2196
2307 1677
265 942
2318 1046
2319 1161
2322 850
2464 241
277 564
285 3042
2825 2255
2336 2868
292 1367
49 2588
297 640
298 1534
301 2495
2350 520
307 1273
310 885
2359 732
2360 2203
2363 1899
2364 1445
2367 1876
2368 1221
324 1176
2193 1319
2378 2634
333 2524
2384 933
2389 3068
342 2141
2393 2625
346 548
399 3147
2397 2640
2399 1654
355 2336
2790 442
2535 3057
362 1879
2411 183
364 2025
2417 1702
370 2262
377 2424
380 328
2430 1665
2431 213
386 2398
388 70
2439 486
2443 2419
396 2627
2447 2749
400 1904
2459 1470
2461 1924
2463 1320
416 919
2465 1600
418 602
411 2716
421 1607
2475 1281
428 2805
431 1742
2481 1047
2482 1973
2483 79
436 2989
440 1213
2495 1360
448 2752
2497 416
454 2593
2503 2536
2506 2840
459 827
2510 2191
2514 295
2467 1741
2516 1334
2521 1220
2522 1148
2524 2438
2525 2512
478 2493
2529 1758
487 813
2539 1105
494 149
2543 2652
501 974
2552 2774
506 2000
2558 2232
511 1209
2562 3102
2566 254
520 2937
2577 2626
531 1931
534 891
2479 740
546 3115
548 2315
549 1501
2604 2580
2605 1147
558 2105
559 981
2610 2365
564 2951
2615 1797
2620 549
578 2876
2629 2878
2633 2098
2634 1992
2636 1475
589 665
2829 123
2488 1485
598 2867
599 1998
2648 1972
602 2139
2651 2566
2652 2886
2655 1538
613 2496
2662 878
2663 671
2665 284
2669 363
623 475
624 2118
2674 1413
629 1680
2678 1434
632 2347
2681 2521
2684 2971
2685 2268
639 1878
642 2070
2691 1685
2692 689
646 2728
2696 1779
2699 1165
654 2611
2706 1988
660 495
2711 739
664 2003
2716 2597
669 964
2718 2278
2722 1385
2727 1846
680 1605
682 1513
686 2815
688 2573
690 235
2740 2220
696 1347
2746 2525
2747 1432
700 1326
704 1116
2753 2859
2755 512
2757 83
712 1722
2769 1358
2773 2476
726 572
729 54
730 1164
2785 566
742 283
743 1699
746 606
2795 3023
2796 2798
2798 2277
2800 3150
2803 1355
760 2760
468 1274
765 2703
767 2281
2819 3071
2820 597
2821 2880
774 543
2823 2435
2824 1889
777 1330
2826 968
781 1437
2834 887
787 2789
793 641
2846 3016
801 1166
2850 1452
2851 2535
2852 498
805 1748
807 119
809 1835
2858 655
812 1776
2861 2854
826 2930
2876 2319
835 1790
838 1427
2887 2617
840 2865
2890 2893
843 184
2892 1917
848 1178
849 1715
2898 2103
851 1160
852 2555
854 3151
855 859
862 1942
871 126
873 1938
875 714
876 1903
878 1642
2931 2479
2932 2356
2934 616
888 2973
889 853
2939 332
2941 1574
2943 2632
896 1810
900 2830
2950 2697
2951 1816
2956 2009
910 971
2959 1891
914 2838
2963 2562
2964 2038
917 764
2967 844
2969 3128
924 1695
2975 502
2979 1929
932 2710
2984 3019
938 3124
939 3094
2988 932
2888 2261
947 1395
949 1377
3000 1014
953 3118
960 344
964 1965
3013 947
3015 1582
969 2737
970 2669
971 439
3020 293
3023 3108
976 2806
3028 387
3030 2952
3032 1692
985 1077
987 2918
3036 865
990 2295
991 2075
3040 2660
993 1618
3042 1228
3044 731
997 3136
510 315
1015 2071
1016 2181
3069 1123
3071 494
1032 1855
1037 2304
3086 2227
3089 1224
3090 232
3091 2504
3093 158
3097 366
3101 1247
3103 2273
1057 353
1061 1617
1062 189
3112 1399
3113 272
3114 1552
1069 0
1070 2147
3120 2605
1073 670
3122 1974
3123 3091
3125 2644
1078 2629
3128 3116
3131 1242
3135 2988
3138 3092
1091 355
3142 1208
1097 2667
1099 808
3148 1632
1101 1672
3152 1624
1116 49
1120 3005
1123 2301
1126 2417
1134 1280
1139 1189
1145 2945
38 1948
1161 1061
1165 1957
1186 376
1209 646
1210 3032
1216 2912
1217 2478
1219 803
1223 2967
2596 190
1246 1423
2597 2447
1251 694
1260 585
893 3093
1267 1294
1269 2456
1272 280
1274 46
1280 781
1286 1794
1288 2004
1294 2541
1305 1978
1306 2244
1308 33
1316 1845
902 1422
1319 1074
839 2418
562 1192
1330 1979
1335 2545
1336 314
1337 1881
2271 855
1340 1985
1343 2507
1344 2162
1346 3120
1348 1647
1352 365
567 1181
1368 1430
1373 2687
1378 3001
1386 652
1387 197
1388 2712
1404 667
1409 750
1416 1545
1417 1418
1423 2081
1440 463
1444 2402
1445 545
2972 1787
1451 1044
1453 2087
1454 188
1459 1207
1461 1090
1464 2866
1468 2285
1472 1052
1473 2891
1477 1691
1488 1446
1489 1403
1490 955
1494 1467
1496 904
1511 2990
2301 1085
936 2120
1525 985
1539 1129
1540 2650
1541 1096
1542 451
2305 2655
1552 2395
1555 1833
1557 2441
2738 136
1564 134
1567 2236
1576 983
1578 2393
1579 1995
1580 2676
1581 329
1588 2890
1605 198
1607 261
1611 1870
1614 265
952 1688
1618 2343
1622 924
1636 3030
1647 2198
1651 255
1657 836
1662 485
1663 1084
3008 825
1668 2284
1674 1476
1679 1349
1680 1041
1689 943
1690 2233
1697 323
1702 2400
1703 100
1708 997
1709 1375
1711 796
1712 481
3080 2338
1715 2083
1732 484
1734 1454
1735 653
1737 546
1741 3056
1748 831
1749 961
1750 2917
1754 45
3024 269
1763 2500
1766 1169
1775 2929
2855 894
1793 1300
1794 424
1798 658
1800 895
1804 1407
1815 2807
1817 2695
1818 2429
1819 1253
1821 2421
1822 578
3035 1837
1832 2327
1847 2879
1849 1233
1854 3099
1859 2844
1860 2837
1866 2457
1867 2124
1871 2744
1883 3034
315 2845
1893 1687
1894 583
1895 2040
1898 195
1917 122
1919 925
1929 1185
1937 3004
1957 20
1961 1579
1968 290
1969 1038
1970 2906
1977 226
1980 1700
134 393
1985 2514
1990 711
1993 1261
3063 2
1996 1429
1997 1248
1998 118
2000 1186
2007 1634
2013 32
2023 1517
2030 1284
2031 348
2037 152
2041 2101
2046 2883
